1.269284725189208984e+00
1.269736051559448242e+00
1.270135641098022461e+00
1.270481109619140625e+00
1.270768284797668457e+00
1.270995140075683594e+00
1.271158218383789062e+00
1.271254539489746094e+00
1.271280646324157715e+00
1.271232962608337402e+00
1.271107792854309082e+00
1.270901560783386230e+00
1.270609855651855469e+00
1.270229339599609375e+00
1.269755363464355469e+00
1.269183635711669922e+00
1.268508911132812500e+00
1.267727494239807129e+00
1.266834378242492676e+00
1.265823841094970703e+00
1.264691114425659180e+00
1.263430595397949219e+00
1.262036561965942383e+00
1.260503649711608887e+00
1.258825063705444336e+00
1.256995677947998047e+00
1.255007982254028320e+00
1.252856016159057617e+00
1.250533103942871094e+00
1.248031735420227051e+00
1.245344877243041992e+00
1.242464780807495117e+00
1.239384531974792480e+00
1.236096024513244629e+00
1.232590913772583008e+00
1.228860974311828613e+00
1.224898099899291992e+00
1.220693111419677734e+00
1.216237783432006836e+00
1.211522817611694336e+00
1.206538677215576172e+00
1.201277017593383789e+00
1.195727348327636719e+00
1.189880609512329102e+00
1.183726906776428223e+00
1.177256107330322266e+00
1.170458793640136719e+00
1.163323998451232910e+00
1.155842781066894531e+00
1.148004531860351562e+00
1.139799356460571289e+00
1.131216645240783691e+00
1.122247457504272461e+00
1.112880825996398926e+00
1.103107929229736328e+00
1.092918872833251953e+00
1.082304596900939941e+00
1.071255445480346680e+00
1.059763431549072266e+00
1.047819852828979492e+00
1.035416960716247559e+00
1.022546768188476562e+00
1.009203076362609863e+00
9.953789114952087402e-01
9.810690879821777344e-01
9.662688374519348145e-01
9.509731531143188477e-01
9.351789355278015137e-01
9.188844561576843262e-01
9.020868539810180664e-01
8.847869038581848145e-01
8.669845461845397949e-01
8.486815690994262695e-01
8.298806548118591309e-01
8.105858564376831055e-01
7.908034920692443848e-01
7.705392837524414062e-01
7.498013377189636230e-01
7.285986542701721191e-01
7.069425582885742188e-01
6.848456263542175293e-01
6.623203754425048828e-01
6.393826603889465332e-01
6.160489916801452637e-01
5.923348069190979004e-01
5.682623386383056641e-01
5.438494086265563965e-01
5.191186666488647461e-01
4.940932989120483398e-01
4.687962532043457031e-01
4.432526230812072754e-01
4.174878001213073730e-01
3.915289044380187988e-01
3.654032349586486816e-01
3.391388058662414551e-01
3.127645850181579590e-01
2.863070368766784668e-01
2.597984671592712402e-01
2.332671433687210083e-01
2.067409902811050415e-01
1.802513748407363892e-01
1.538272053003311157e-01
1.274951845407485962e-01
1.012863069772720337e-01
7.522709667682647705e-02
4.934568703174591064e-02
2.366687357425689697e-02
-1.782402396202087402e-03
-2.697704732418060303e-02
-5.189515650272369385e-02
-7.651229202747344971e-02
-1.008068174123764038e-01
-1.247598975896835327e-01
-1.483505517244338989e-01
-1.715616434812545776e-01
-1.943757086992263794e-01
-2.167773097753524780e-01
-2.387529760599136353e-01
-2.602888345718383789e-01
-2.813737988471984863e-01
-3.019968271255493164e-01
-3.221484422683715820e-01
-3.418218493461608887e-01
-3.610081672668457031e-01
-3.797028064727783203e-01
-3.979002833366394043e-01
-4.155966639518737793e-01
-4.327903389930725098e-01
-4.494780898094177246e-01
-4.656605124473571777e-01
-4.813358783721923828e-01
-4.965060949325561523e-01
-5.111723542213439941e-01
-5.253353714942932129e-01
-5.389993786811828613e-01
-5.521664023399353027e-01
-5.648416280746459961e-01
-5.770280957221984863e-01
-5.887302160263061523e-01
-5.999537110328674316e-01
-6.107038259506225586e-01
-6.209850907325744629e-01
-6.308050155639648438e-01
-6.401686072349548340e-01
-6.490814685821533203e-01
-6.575504541397094727e-01
-6.655814051628112793e-01
-6.731812953948974609e-01
-6.803562045097351074e-01
-6.871115565299987793e-01
-6.934549808502197266e-01
-6.993920207023620605e-01
-7.049281001091003418e-01
-7.100698947906494141e-01
-7.148236036300659180e-01
-7.191935181617736816e-01
-7.231863141059875488e-01
-7.268062233924865723e-01
-7.300583124160766602e-01
-7.329478859901428223e-01
-7.354788780212402344e-01
-7.376554608345031738e-01
-7.394817471504211426e-01
-7.409610748291015625e-01
-7.420969009399414062e-01
-7.428920865058898926e-01
-7.433491349220275879e-01
-7.434700131416320801e-01
-7.432578206062316895e-01
-7.427129149436950684e-01
-7.418367266654968262e-01
-7.406302094459533691e-01
-7.390946745872497559e-01
-7.372291088104248047e-01
-7.350338101387023926e-01
-7.325076460838317871e-01
-7.296507954597473145e-01
-7.264612317085266113e-01
-7.229380607604980469e-01
-7.190786004066467285e-01
-7.148812413215637207e-01
-7.103431224822998047e-01
-7.054623961448669434e-01
-7.002366781234741211e-01
-6.946618556976318359e-01
-6.887365579605102539e-01
-6.824571490287780762e-01
-6.758211255073547363e-01
-6.688266396522521973e-01
-6.614716053009033203e-01
-6.537545919418334961e-01
-6.456754803657531738e-01
-6.372343301773071289e-01
-6.284331679344177246e-01
-6.192758679389953613e-01
-6.097660660743713379e-01
-5.999134778976440430e-01
-5.897276997566223145e-01
-5.792219042778015137e-01
-5.684147477149963379e-01
-5.573285818099975586e-01
-5.459907650947570801e-01
-5.344361066818237305e-01
-5.227059721946716309e-01
-5.108488202095031738e-01
-4.989239573478698730e-01
-4.869984388351440430e-01
-4.751521944999694824e-01
-4.634755849838256836e-01
-4.520700573921203613e-01
-4.410480856895446777e-01
-4.305339455604553223e-01
-4.206581711769104004e-01
-4.115586876869201660e-01
-4.033727645874023438e-01
-3.962326645851135254e-01
-3.902565836906433105e-01
-3.855395317077636719e-01
-3.821417093276977539e-01
-3.800755143165588379e-01
-3.792941570281982422e-01
-3.796824216842651367e-01
-3.810471296310424805e-01
-3.831173181533813477e-01
-3.855489492416381836e-01
-3.879391551017761230e-01
-3.898478150367736816e-01
-3.908255696296691895e-01
-3.904509544372558594e-01
-3.883614540100097656e-01
-3.842883706092834473e-01
-3.780814409255981445e-01
-3.697233796119689941e-01
-3.593323826789855957e-01
-3.471540212631225586e-01
-3.335397839546203613e-01
-3.189180493354797363e-01
-3.037593364715576172e-01
-2.885382175445556641e-01
-2.736959457397460938e-01
-2.596051096916198730e-01
-2.465383261442184448e-01
-2.346416562795639038e-01
-2.239151000976562500e-01
-2.141984254121780396e-01
-2.051704078912734985e-01
-1.963563710451126099e-01
-1.871516555547714233e-01
-1.768662035465240479e-01
-1.647862643003463745e-01
-1.502591222524642944e-01
-1.327885836362838745e-01
-1.121326535940170288e-01
-8.838026225566864014e-02
-6.198716908693313599e-02
-3.374801576137542725e-02
-4.705086350440979004e-03
2.399532496929168701e-02
5.127048492431640625e-02
7.624891400337219238e-02
9.837493300437927246e-02
1.174440681934356689e-01
1.335838884115219116e-01
1.471896320581436157e-01
1.588347256183624268e-01
1.691801249980926514e-01
1.788948029279708862e-01
1.885887831449508667e-01
1.987667232751846313e-01
2.098006457090377808e-01
2.219124287366867065e-01
2.351712882518768311e-01
2.495000362396240234e-01
2.646893858909606934e-01
2.804180979728698730e-01
2.962822914123535156e-01
3.118251562118530273e-01
3.265759348869323730e-01
3.400855064392089844e-01
3.519657254219055176e-01
3.619211316108703613e-01
3.697763085365295410e-01
3.754892349243164062e-01
3.791553974151611328e-01
3.809978961944580078e-01
3.813449740409851074e-01
3.806008100509643555e-01
3.792091012001037598e-01
3.776191473007202148e-01
3.762513995170593262e-01
3.754746913909912109e-01
3.755872249603271484e-01
3.768092989921569824e-01
3.792819976806640625e-01
3.830730319023132324e-01
3.881873488426208496e-01
3.945766687393188477e-01
4.021543860435485840e-01
4.108060598373413086e-01
4.204020500183105469e-01
4.308026432991027832e-01
4.418697953224182129e-01
4.534683823585510254e-01
4.654710292816162109e-01
4.777612090110778809e-01
4.902333021163940430e-01
5.027942061424255371e-01
5.153615474700927734e-01
5.278646349906921387e-01
5.402426719665527344e-01
5.524451732635498047e-01
5.644285678863525391e-01
5.761587619781494141e-01
5.876063704490661621e-01
5.987493395805358887e-01
6.095694303512573242e-01
6.200523972511291504e-01
6.301879286766052246e-01
6.399695277214050293e-01
6.493911147117614746e-01
6.584505438804626465e-01
6.671463847160339355e-01
6.754789948463439941e-01
6.834484934806823730e-01
6.910572648048400879e-01
6.983083486557006836e-01
7.052036523818969727e-01
7.117466330528259277e-01
7.179405093193054199e-01
7.237883806228637695e-01
7.292942404747009277e-01
7.344599366188049316e-01
7.392894625663757324e-01
7.437854409217834473e-01
7.479503750801086426e-01
7.517859935760498047e-01
7.552940249443054199e-01
7.584772706031799316e-01
7.613351941108703613e-01
7.638698220252990723e-01
7.660805583000183105e-01
7.679688930511474609e-01
7.695332765579223633e-01
7.707732915878295898e-01
7.716878056526184082e-01
7.722755074501037598e-01
7.725344300270080566e-01
7.724625468254089355e-01
7.720568776130676270e-01
7.713146805763244629e-01
7.702324986457824707e-01
7.688070535659790039e-01
7.670336961746215820e-01
7.649087309837341309e-01
7.624274492263793945e-01
7.595848441123962402e-01
7.563751339912414551e-01
7.527938485145568848e-01
7.488346695899963379e-01
7.444919943809509277e-01
7.397595047950744629e-01
7.346308827400207520e-01
7.290993928909301758e-01
7.231582403182983398e-01
7.168007493019104004e-01
7.100200057029724121e-01
7.028092741966247559e-01
6.951600909233093262e-01
6.870681643486022949e-01
6.785239577293395996e-01
6.695209145545959473e-01
6.600529551506042480e-01
6.501120924949645996e-01
6.396926045417785645e-01
6.287880539894104004e-01
6.173915266990661621e-01
6.054975390434265137e-01
5.931012034416198730e-01
5.801963806152343750e-01
5.667786002159118652e-01
5.528444647789001465e-01
5.383888483047485352e-01
5.234111547470092773e-01
5.079063773155212402e-01
4.918751716613769531e-01
4.753155112266540527e-01
4.582286477088928223e-01
4.406139254570007324e-01
4.224756360054016113e-01
4.038150906562805176e-01
3.846367001533508301e-01
3.649460673332214355e-01
3.447499275207519531e-01
3.240550160408020020e-01
3.028703927993774414e-01
2.812078595161437988e-01
2.590766549110412598e-01
2.364914566278457642e-01
2.134659439325332642e-01
1.900158077478408813e-01
1.661568433046340942e-01
1.419089585542678833e-01
1.172917634248733521e-01
9.232456982135772705e-02
6.703074276447296143e-02
4.143308103084564209e-02
1.555813848972320557e-02
-1.057152450084686279e-02
-3.692857921123504639e-02
-6.348429620265960693e-02
-9.021072089672088623e-02
-1.170802563428878784e-01
-1.440617889165878296e-01
-1.711255162954330444e-01
-1.982415467500686646e-01
-2.253795117139816284e-01
-2.525076270103454590e-01
-2.795953154563903809e-01
-3.066124916076660156e-01
-3.335288166999816895e-01
-3.603138923645019531e-01
-3.869392275810241699e-01
-4.133753180503845215e-01
-4.395945072174072266e-01
-4.655692577362060547e-01
-4.912744164466857910e-01
-5.166855454444885254e-01
-5.417769551277160645e-01
-5.665267705917358398e-01
-5.909135341644287109e-01
-6.149181723594665527e-01
-6.385199427604675293e-01
-6.617037653923034668e-01
-6.844530105590820312e-01
-7.067541480064392090e-01
-7.285928130149841309e-01
-7.499591708183288574e-01
-7.708418965339660645e-01
-7.912330627441406250e-01
-8.111258745193481445e-01
-8.305148482322692871e-01
-8.493946194648742676e-01
-8.677626252174377441e-01
-8.856166005134582520e-01
-9.029561877250671387e-01
-9.197804927825927734e-01
-9.360929727554321289e-01
-9.518947601318359375e-01
-9.671891927719116211e-01
-9.819805622100830078e-01
-9.962740540504455566e-01
-1.010074734687805176e+00
-1.023389339447021484e+00
-1.036225318908691406e+00
-1.048589468002319336e+00
-1.060490131378173828e+00
-1.071935772895812988e+00
-1.082935571670532227e+00
-1.093498110771179199e+00
-1.103632926940917969e+00
-1.113349676132202148e+00
-1.122659206390380859e+00
-1.131570219993591309e+00
-1.140093445777893066e+00
-1.148239612579345703e+00
-1.156017541885375977e+00
-1.163439273834228516e+00
-1.170514345169067383e+00
-1.177252411842346191e+00
-1.183664321899414062e+00
-1.189759731292724609e+00
-1.195549249649047852e+00
-1.201041936874389648e+00
-1.206247806549072266e+00
-1.211176633834838867e+00
-1.215837597846984863e+00
-1.220239877700805664e+00
-1.224392771720886230e+00
-1.228305101394653320e+00
-1.231984734535217285e+00
-1.235440969467163086e+00
-1.238682389259338379e+00
-1.241716027259826660e+00
-1.244550704956054688e+00
-1.247192859649658203e+00
-1.249650597572326660e+00
-1.251931786537170410e+00
-1.254041910171508789e+00
-1.255988717079162598e+00
-1.257779121398925781e+00
-1.259418845176696777e+00
-1.260914206504821777e+00
-1.262271523475646973e+00
-1.263495445251464844e+00
-1.264593124389648438e+00
-1.265568971633911133e+00
-1.266428589820861816e+00
-1.267176866531372070e+00
-1.267818808555603027e+00
-1.268358826637268066e+00
-1.268801569938659668e+00
-1.269151687622070312e+00
-1.269413232803344727e+00
-1.269590139389038086e+00
-1.269685983657836914e+00
-1.269705176353454590e+00
-1.269650936126708984e+00
-1.269526958465576172e+00
-1.269336462020874023e+00
-1.269082784652709961e+00
-1.268768787384033203e+00
-1.268397450447082520e+00
-1.267972469329833984e+00
