4.229098558426073323e-03
4.326130682979750092e-03
4.414889270441736679e-03
4.417519433058444966e-03
4.318778211494747610e-03
4.161173652678887280e-03
4.021874579997794519e-03
3.967869829840778295e-03
4.026014867975810652e-03
4.166676456275553164e-03
4.315862375638412907e-03
4.390159898420731288e-03
4.333580653438057206e-03
4.148499751931877810e-03
3.892808804274394685e-03
3.661510309972804134e-03
3.543386064921605350e-03
3.583859219692064890e-03
3.763832268285638438e-03
4.007024093787836527e-03
4.213061831509767874e-03
4.297307837944575049e-03
4.227394421605301655e-03
4.037691427352663176e-03
3.810959988371775964e-03
3.644334817874683718e-03
3.603797312686785048e-03
3.699402712444954666e-03
3.878967083059237098e-03
4.053321114607488784e-03
4.135316556269252875e-03
4.080478653538999190e-03
3.904798771003525903e-03
3.680361362033257588e-03
3.502169117335418580e-03
3.446687943086168548e-03
3.539739782325079798e-03
3.741229830791670263e-03
3.964763068581345085e-03
4.114996419380290149e-03
4.127305009147597126e-03
3.995709912487765969e-03
3.777795866004463043e-03
3.565109979173031185e-03
3.447101498203486436e-03
3.470056749413807928e-03
3.615997906772583370e-03
3.815189530547380414e-03
3.973395024868486836e-03
4.015581858742622856e-03
3.919895133106310325e-03
3.727283005612425093e-03
3.523875266500997583e-03
3.404445039419945473e-03
3.430085764399626314e-03
3.601437613808489147e-03
3.858935379776440300e-03
4.107347062310973129e-03
4.257175544741365059e-03
4.264176169280098350e-03
4.145741331224250814e-03
3.974906536439393179e-03
3.845548169094104018e-03
3.831580485161079075e-03
3.954674319756268375e-03
4.172944736863470894e-03
4.400946528162252847e-03
4.545094327259469047e-03
4.547380073254281285e-03
4.409836304786751704e-03
4.194229045593633742e-03
3.995989540818811747e-03
3.901593027520688928e-03
3.951920821774868031e-03
4.124898721943770497e-03
4.343984154716262758e-03
4.513587595558310461e-03
4.558084891886804435e-03
4.457870550703124657e-03
4.256325135318150821e-03
4.040419729899991097e-03
3.903243634379882643e-03
3.902911856880297847e-03
4.036343404747677610e-03
4.243071324212310813e-03
4.428647780983618887e-03
4.510481148183975719e-03
4.450482923243015421e-03
4.275268191797798600e-03
4.061900842291743530e-03
3.907261018315399959e-03
3.882846014664931289e-03
4.005157391944735856e-03
4.227495308236184357e-03
4.459426193970772445e-03
4.607995768485473320e-03
4.615576773694396451e-03
4.485889977362433889e-03
4.281988592695684659e-03
4.097811670871531753e-03
4.017154908104725308e-03
4.076220940525177028e-03
4.247631664784479177e-03
4.453073701355947378e-03
4.598343122115711168e-03
4.613215614232779593e-03
4.483890291372305548e-03
4.259247731381643476e-03
4.029145004993406332e-03
3.885230160097230545e-03
3.882985746694100904e-03
4.014151703297663687e-03
4.213811730286343149e-03
4.386597093525734792e-03
4.450086693856603048e-03
4.370095695856113238e-03
4.176379795915119431e-03
3.948774065142268697e-03
3.783521855643234844e-03
3.748911526187725940e-03
3.857213830601891047e-03
4.058492772954336303e-03
4.262388575916986611e-03
4.378077929295010051e-03
4.353430060366481058e-03
4.198278655891840572e-03
3.980672088294445743e-03
3.795305514525670887e-03
3.724756744391877206e-03
3.799716258239049793e-03
3.989493575721203555e-03
4.212345352058832759e-03
4.372980383852809183e-03
4.403707926548428020e-03
4.293621409779291298e-03
4.094732396977773803e-03
3.897864198338485409e-03
3.791588451846905627e-03
3.825125897696457500e-03
3.986682619219417134e-03
4.205466862565510056e-03
4.386427368524570269e-03
4.448775391671544455e-03
4.363947328511086354e-03
4.165293549439175180e-03
3.937023292958308218e-03
3.774028456044575819e-03
3.742894268373486710e-03
3.852953675037240622e-03
4.049558591061708235e-03
4.242729898610964057e-03
4.343444991979250602e-03
4.303896176925281480e-03
4.138957223389416740e-03
3.920282955678033865e-03
3.742196511203776943e-03
3.684799408837147183e-03
3.775112124057566909e-03
3.976335974287481534e-03
4.204675263312029898e-03
4.366429358533041594e-03
4.396041651664184258e-03
4.288241654175739548e-03
4.099226112679432710e-03
3.920757214942893754e-03
3.840169089005751601e-03
3.902850274601910030e-03
4.090749490362699525e-03
4.331773395044757891e-03
4.527849752161472452e-03
4.602272301137966259e-03
4.528664374916502311e-03
4.345114476067668541e-03
4.136956045128536985e-03
3.998040869941710262e-03
3.991816136516224134e-03
4.122197302531827034e-03
4.332261452761998477e-03
4.530588217328990197e-03
4.629968093485814506e-03
4.588212610816988501e-03
4.425523308768886110e-03
4.216332247029108693e-03
4.056467368710792165e-03
4.022113619256417749e-03
4.135464409593225810e-03
4.355161586487410474e-03
4.594253075721588253e-03
4.757546050732197607e-03
4.783393697071369743e-03
4.670717150415670815e-03
4.477047634507402840e-03
4.296447352898247196e-03
4.214838351066840794e-03
4.273390309291746902e-03
4.450909229615662710e-03
4.672407972459602377e-03
4.842698851470039756e-03
4.887673477175114023e-03
4.787793687066721482e-03
4.586231255325645684e-03
4.370456740700467968e-03
4.233794794550882479e-03
4.235691415457432107e-03
4.373837500997956873e-03
4.586305146115243758e-03
4.779870947925757285e-03
4.867689860451496209e-03
4.810482656093961751e-03
4.630819489653492660e-03
4.405640240756847348e-03
4.230612016747681281e-03
4.178212071018316820e-03
4.266895066758369381e-03
4.451447561255927887e-03
4.643970029064692362e-03
4.752080895683130635e-03
4.719149098823482991e-03
4.549901866341243828e-03
4.306877909710071783e-03
4.085539514533220729e-03
3.970851189240787171e-03
3.999689087275493105e-03
4.147542567782713796e-03
4.336097980598141444e-03
4.471127495396742813e-03
4.480725472742530524e-03
4.350867501326127762e-03
4.127697265706831153e-03
3.901700876812408403e-03
3.764372225711576370e-03
3.769921804416376254e-03
3.911691838042075098e-03
4.123581720473834533e-03
4.309350808171408254e-03
4.384569037895635901e-03
4.312422774350122001e-03
4.120153709571361400e-03
3.886796650457102764e-03
3.707002415797910899e-03
3.650853239451523624e-03
3.733512720861337231e-03
3.907113919020349657e-03
4.084186340219092548e-03
4.175151507624985658e-03
4.128972345014803036e-03
3.955373484036683873e-03
3.722383434119624912e-03
3.522534433557947264e-03
3.436971258826221343e-03
3.495446357341377985e-03
3.664666961699786230e-03
3.860358888527086474e-03
3.986160618818769541e-03
3.973159248011191857e-03
3.812100226436632155e-03
3.559023141860961914e-03
3.309760754550916673e-03
3.161755150182167518e-03
3.171522753678789053e-03
3.332193201164075635e-03
3.573840309113202052e-03
3.798672047047049749e-03
3.916513371758495454e-03
3.885726865575353517e-03
3.728018348869877041e-03
3.516903203585386439e-03
3.343125528672941105e-03
3.278409321537611998e-03
3.342313980215477764e-03
3.500908961533849562e-03
3.681960740289785816e-03
3.811827100361708798e-03
3.847588286258973866e-03
3.793619456720631611e-03
3.696578220207691334e-03
3.619346119845434639e-03
3.607340942878289880e-03
3.667419592829568309e-03
3.767596410629681092e-03
3.858131236298745215e-03
3.901374792110723355e-03
3.895301465084322068e-03
3.870267964740325972e-03
3.866894924081987206e-03
3.904375800065473801e-03
3.968411738103416742e-03
4.024262919794907578e-03
4.043838237663577306e-03
4.029439835018799876e-03
4.008254542943012755e-03
4.010508769407894469e-03
4.042596881874860326e-03
4.081224144885875482e-03
4.096288300132144844e-03
4.071492924263064861e-03
4.019964478233495342e-03
3.968185885241948263e-03
3.938442632683281097e-03
3.930293310622001712e-03
3.926827525539300368e-03
3.908283018042357781e-03
3.866053942592762027e-03
3.806694815461253434e-03
3.743439520267122234e-03
3.685457455527507697e-03
3.633205452831078652e-03
3.581915373904287492e-03
3.527473419717375158e-03
3.468566549630458518e-03
3.402931108006490568e-03
3.324145271933809376e-03
3.225672698226600410e-03
3.113874861517262893e-03
3.005829235074641836e-03
2.925395688172294228e-03
2.882361543531608561e-03
2.860673335691954478e-03
2.824330790561768723e-03
2.735182439033256863e-03
2.580498142707221554e-03
2.385115909193769035e-03
2.206347554479348716e-03
2.106187983226481819e-03
2.119399444873271143e-03
2.234531866905364872e-03
2.391666969573713608e-03
2.506221553083776143e-03
2.506383122992339452e-03
2.366111919771873850e-03
2.120475957621992258e-03
1.853826018318516233e-03
1.666221974753967494e-03
1.629950119404810494e-03
1.760920457292369790e-03
2.009672751339564023e-03
2.281964150715243278e-03
2.478148844563099473e-03
2.534270569572449894e-03
2.449118783973247560e-03
2.280537837164753334e-03
2.120829796226297859e-03
2.055566520273166553e-03
2.122717302586840660e-03
2.299243336217449141e-03
2.510107290642937805e-03
2.662005300959613407e-03
2.685466630293564805e-03
2.566373903831631331e-03
2.353334312125254790e-03
2.136543006163837966e-03
2.010384778084350899e-03
2.030817955920194429e-03
2.191976004693341196e-03
2.429613618302628453e-03
2.647049931911893417e-03
2.758105063513927036e-03
2.724311400478351963e-03
2.569470767466497385e-03
2.370227613951891854e-03
2.219712984451671645e-03
2.186839889612768317e-03
2.285051587900266412e-03
2.465944338625569721e-03
2.640495536083364847e-03
2.718845271726388901e-03
2.647895181345671922e-03
2.438885558665226938e-03
2.159951354125277945e-03
1.908726278361250195e-03
1.770730872061365702e-03
1.782414947149257856e-03
1.916526202314861038e-03
2.093825612897282085e-03
2.219381128975683737e-03
2.224308345333270154e-03
2.095263624537269109e-03
1.881348497492441041e-03
1.671134602183599327e-03
1.553776318751864949e-03
1.579616280575901754e-03
1.736317405814702397e-03
1.955950531334460507e-03
2.141674732971887707e-03
2.211150619499724357e-03
2.132018780518274426e-03
1.937353882164538632e-03
1.708064804191167241e-03
1.540754052182347067e-03
1.503708417140536824e-03
1.608311306590115564e-03
1.803147203547128541e-03
1.998704100001136297e-03
2.105933520809344373e-03
2.075257097908789206e-03
1.919541631574039897e-03
1.707671527021892288e-03
1.535055671331386762e-03
1.481886763479822733e-03
1.576847616251875195e-03
1.785276557067172476e-03
2.023441184580754282e-03
2.195972764658549181e-03
2.235928439756063035e-03
2.135048148387941325e-03
1.946191836184052448e-03
1.760888341745370234e-03
1.667564224329454170e-03
1.714623224625011488e-03
1.886714735533923104e-03
2.113495234934648082e-03
2.299807120388019932e-03
2.367337012366244053e-03
2.289660481838429185e-03
2.102741746354275243e-03
1.892403060052116892e-03
1.753656357714628022e-03
1.751104573311401680e-03
1.890852660399566787e-03
2.117061500235495330e-03
2.337849695762783675e-03
2.463618142439560899e-03
2.448501463374053166e-03
2.307570707696049439e-03
2.112561588780814681e-03
1.956658762242602378e-03
1.916330070077743031e-03
2.014733528525991524e-03
2.212350123541595437e-03
2.424084833167583497e-03
2.554655358085522465e-03
2.543952372395019701e-03
2.389610139179598747e-03
2.152127852352747617e-03
1.926621369767844705e-03
1.803399635701086190e-03
1.828465817832580775e-03
1.983644934639205992e-03
2.195458600749322642e-03
2.367721245180698375e-03
2.422340573859038670e-03
2.333904525038121847e-03
2.139956554687127976e-03
1.925064551231314702e-03
1.779652969653433559e-03
1.764057322215295542e-03
1.878522008214700278e-03
2.064919757459926508e-03
2.232049389350176938e-03
2.296611462776043666e-03
2.220178111118298325e-03
2.026565936705360116e-03
1.792669427747917155e-03
1.614033898468925088e-03
1.563218017575529473e-03
1.657375761785706558e-03
1.850116706099802499e-03
2.048367455161237416e-03
2.154511823185600861e-03
2.105527532906714683e-03
1.901577919534380712e-03
1.603875632388063188e-03
1.310174027355337500e-03
1.110775219809623238e-03
1.054375971225263164e-03
1.125081847016096148e-03
1.254536036403686161e-03
1.351720594335970027e-03
1.344515895290165908e-03
1.207195509413172552e-03
9.685219974598924253e-04
6.952948406254710889e-04
4.526860930710308040e-04
2.750048776172797638e-04
1.509376531593775717e-04
3.555888075618129918e-05
-1.137840099255105208e-04
-3.072516981215689391e-04
-5.169300884050320732e-04
-7.066856341890193072e-04
-8.676440964739406958e-04
-1.020614609349546065e-03
-1.186674779230234567e-03
-1.359012356825506362e-03
-1.511351383290726602e-03
-1.626651190380745682e-03
-1.714032050083025283e-03
-1.798975015629034058e-03
-1.904624634520457604e-03
-2.033425642135766598e-03
-2.169186432866287984e-03
-2.286723960380598886e-03
-2.370563052212892874e-03
-2.420586868445595563e-03
-2.452530083227044688e-03
-2.486537709376679395e-03
-2.534815870677220584e-03
-2.594348749914210384e-03
-2.652793774367639967e-03
-2.700583721048088748e-03
-2.742017428646131849e-03
-2.790311628004471523e-03
-2.850601393124430061e-03
-2.909495288673014102e-03
-2.950508657648134858e-03
-2.977002215094684545e-03
-3.010622176738017575e-03
-3.069633792907699998e-03
-3.151182824989620657e-03
-3.236989838637585604e-03
-3.310355598108973008e-03
-3.372217947995023030e-03
-3.433853387832811171e-03
