-1.112646460533142090e-01
-8.869129419326782227e-02
-6.762641668319702148e-02
-4.835873842239379883e-02
-3.116518259048461914e-02
-1.629322767257690430e-02
-3.934562206268310547e-03
5.794882774353027344e-03
1.287698745727539062e-02
1.740908622741699219e-02
1.961755752563476562e-02
1.984804868698120117e-02
1.855379343032836914e-02
1.625472307205200195e-02
1.348805427551269531e-02
1.075315475463867188e-02
8.445739746093750000e-03
6.807744503021240234e-03
5.888760089874267578e-03
5.529701709747314453e-03
5.368769168853759766e-03
4.878461360931396484e-03
3.410518169403076172e-03
2.661347389221191406e-04
-5.234301090240478516e-03
-1.367932558059692383e-02
-2.550369501113891602e-02
-4.094260931015014648e-02
-6.000369787216186523e-02
-8.246237039566040039e-02
-1.078798174858093262e-01
-1.356394886970520020e-01
-1.649975180625915527e-01
-1.951428055763244629e-01
-2.252545356750488281e-01
-2.545655965805053711e-01
-2.824147343635559082e-01
-3.082849383354187012e-01
-3.318395614624023438e-01
-3.529406189918518066e-01
-3.716475367546081543e-01
-3.882104158401489258e-01
-4.030400514602661133e-01
-4.166681170463562012e-01
-4.297001957893371582e-01
-4.427606463432312012e-01
-4.564294219017028809e-01
-4.711921811103820801e-01
-4.873844981193542480e-01
-5.051653981208801270e-01
-5.244863629341125488e-01
-5.450977683067321777e-01
-5.665666460990905762e-01
-5.883105993270874023e-01
-6.096590161323547363e-01
-6.299104094505310059e-01
-6.484022736549377441e-01
-6.645780801773071289e-01
-6.780387759208679199e-01
-6.885784864425659180e-01
-6.962043046951293945e-01
-7.011304497718811035e-01
-7.037627100944519043e-01
-7.046603560447692871e-01
-7.044979929924011230e-01
-7.040147185325622559e-01
-7.039654254913330078e-01
-7.050710916519165039e-01
-7.079685330390930176e-01
-7.131638526916503906e-01
-7.209951281547546387e-01
-7.315993309020996094e-01
-7.448993325233459473e-01
-7.606056332588195801e-01
-7.782416343688964844e-01
-7.971879243850708008e-01
-8.167459368705749512e-01
-8.362096548080444336e-01
-8.549366593360900879e-01
-8.724144101142883301e-01
-8.883058428764343262e-01
-9.024742245674133301e-01
-9.149866700172424316e-01
-9.260982871055603027e-01
-9.362179636955261230e-01
-9.458661675453186035e-01
-9.556232094764709473e-01
-9.660773873329162598e-01
-9.777761101722717285e-01
-9.911753535270690918e-01
-1.006603717803955078e+00
-1.024226188659667969e+00
-1.044027090072631836e+00
-1.065800666809082031e+00
-1.089154005050659180e+00
-1.113532304763793945e+00
-1.138245820999145508e+00
-1.162523031234741211e+00
-1.185559749603271484e+00
-1.206580877304077148e+00
-1.224901676177978516e+00
-1.239980220794677734e+00
-1.251462221145629883e+00
-1.259209632873535156e+00
-1.263309717178344727e+00
-1.264061450958251953e+00
-1.261941909790039062e+00
-1.257553815841674805e+00
-1.251558780670166016e+00
-1.244611501693725586e+00
-1.237293243408203125e+00
-1.230061531066894531e+00
-1.223217248916625977e+00
-1.216887712478637695e+00
-1.211028099060058594e+00
-1.205432176589965820e+00
-1.199759006500244141e+00
-1.193561553955078125e+00
-1.186317443847656250e+00
-1.177470684051513672e+00
-1.166469097137451172e+00
-1.152814865112304688e+00
-1.136109113693237305e+00
-1.116105794906616211e+00
-1.092751026153564453e+00
-1.066221237182617188e+00
-1.036930561065673828e+00
-1.005520582199096680e+00
-9.728085398674011230e-01
-9.397194981575012207e-01
-9.071974158287048340e-01
-8.761141896247863770e-01
-8.471881747245788574e-01
-8.209369778633117676e-01
-7.976490855216979980e-01
-7.773879170417785645e-01
-7.600151896476745605e-01
-7.452300190925598145e-01
-7.326087355613708496e-01
-7.216507792472839355e-01
-7.118179202079772949e-01
-7.025732398033142090e-01
-6.934173703193664551e-01
-6.839230656623840332e-01
-6.737747788429260254e-01
-6.627982258796691895e-01
-6.509936451911926270e-01
-6.385511755943298340e-01
-6.258516907691955566e-01
-6.134449839591979980e-01
-6.019963622093200684e-01
-5.922247767448425293e-01
-5.848163962364196777e-01
-5.803527235984802246e-01
-5.792425274848937988e-01
-5.816822648048400879e-01
-5.876350998878479004e-01
-5.968397259712219238e-01
-6.088319420814514160e-01
-6.229818463325500488e-01
-6.385450959205627441e-01
-6.547116637229919434e-01
-6.706721186637878418e-01
-6.856711506843566895e-01
-6.990620493888854980e-01
-7.103561758995056152e-01
-7.192545533180236816e-01
-7.256633639335632324e-01
-7.296935915946960449e-01
-7.316378951072692871e-01
-7.319363951683044434e-01
-7.311249375343322754e-01
-7.297793030738830566e-01
-7.284616827964782715e-01
-7.276676297187805176e-01
-7.277854084968566895e-01
-7.290685772895812988e-01
-7.316141724586486816e-01
-7.353664040565490723e-01
-7.401115298271179199e-01
-7.454995512962341309e-01
-7.510655522346496582e-01
-7.562549710273742676e-01
-7.604640126228332520e-01
-7.630810141563415527e-01
-7.635378241539001465e-01
-7.613644003868103027e-01
-7.562487721443176270e-01
-7.480836510658264160e-01
-7.370063662528991699e-01
-7.234100699424743652e-01
-7.079182863235473633e-01
-6.913334131240844727e-01
-6.745473742485046387e-01
-6.584477424621582031e-01
-6.438224911689758301e-01
-6.312904953956604004e-01
-6.212565302848815918e-01
-6.139028072357177734e-01
-6.092016100883483887e-01
-6.069436669349670410e-01
-6.067769527435302734e-01
-6.082437634468078613e-01
-6.108158826828002930e-01
-6.139266490936279297e-01
-6.170055270195007324e-01
-6.195114254951477051e-01
-6.209710240364074707e-01
-6.210222840309143066e-01
-6.194553971290588379e-01
-6.162502169609069824e-01
-6.115941405296325684e-01
-6.058842539787292480e-01
-5.996885895729064941e-01
-5.936891436576843262e-01
-5.885913372039794922e-01
-5.850399136543273926e-01
-5.835331678390502930e-01
-5.843713879585266113e-01
-5.876279473304748535e-01
-5.931527614593505859e-01
-6.006004214286804199e-01
-6.094620823860168457e-01
-6.191136240959167480e-01
-6.288442611694335938e-01
-6.379004120826721191e-01
-6.455189585685729980e-01
-6.509644389152526855e-01
-6.535819172859191895e-01
-6.528425216674804688e-01
-6.484096050262451172e-01
-6.401804685592651367e-01
-6.283106803894042969e-01
-6.131938695907592773e-01
-5.954036712646484375e-01
-5.756000876426696777e-01
-5.544429421424865723e-01
-5.325477123260498047e-01
-5.104956626892089844e-01
-4.888409376144409180e-01
-4.680212140083312988e-01
-4.481782317161560059e-01
-4.291415810585021973e-01
-4.106654524803161621e-01
-3.923752903938293457e-01
-3.735283017158508301e-01
-3.534575700759887695e-01
-3.315544724464416504e-01
-3.070700764656066895e-01
-2.797074913978576660e-01
-2.491443753242492676e-01
-2.153530716896057129e-01
-1.784973740577697754e-01
-1.387999653816223145e-01
-9.675055742263793945e-02
-5.307132005691528320e-02
-8.544743061065673828e-03
3.602617979049682617e-02
7.971924543380737305e-02
1.216968894004821777e-01
1.613411307334899902e-01
1.982118487358093262e-01
2.320021986961364746e-01
2.625808119773864746e-01
2.900411486625671387e-01
3.146817088127136230e-01
3.369709849357604980e-01
3.574852347373962402e-01
3.768512606620788574e-01
3.956820368766784668e-01
4.145218729972839355e-01
4.337918162345886230e-01
4.537398219108581543e-01
4.744219183921813965e-01
4.956933856010437012e-01
5.172299742698669434e-01
5.385596156120300293e-01
5.591108202934265137e-01
5.782558321952819824e-01
5.953654646873474121e-01
6.098563075065612793e-01
6.212403178215026855e-01
6.291670203208923340e-01
6.334635615348815918e-01
6.341614127159118652e-01
6.315132975578308105e-01
6.259834170341491699e-01
6.182195544242858887e-01
6.090068221092224121e-01
5.991985201835632324e-01
5.896393656730651855e-01
5.810989737510681152e-01
5.742060542106628418e-01
5.694031119346618652e-01
5.669295191764831543e-01
5.668093562126159668e-01
5.688721537590026855e-01
5.727753043174743652e-01
5.780445933341979980e-01
5.841180682182312012e-01
5.903927683830261230e-01
5.962809920310974121e-01
6.012558341026306152e-01
6.049053072929382324e-01
6.069633364677429199e-01
6.073455214500427246e-01
6.061610579490661621e-01
6.037127375602722168e-01
6.004764437675476074e-01
5.970615744590759277e-01
5.941545367240905762e-01
5.924538969993591309e-01
5.925957560539245605e-01
5.950912833213806152e-01
6.002721190452575684e-01
6.082579493522644043e-01
6.189476847648620605e-01
6.320261359214782715e-01
6.469935774803161621e-01
6.632067561149597168e-01
6.799294352531433105e-01
6.963902115821838379e-01
7.118374705314636230e-01
7.255942225456237793e-01
7.371060252189636230e-01
7.459719777107238770e-01
7.519744038581848145e-01
7.550887465476989746e-01
7.554851174354553223e-01
7.535098195075988770e-01
7.496618628501892090e-01
7.445498108863830566e-01
7.388402819633483887e-01
7.331977486610412598e-01
7.282194495201110840e-01
7.243834137916564941e-01
7.219918370246887207e-01
7.211452126502990723e-01
7.217324376106262207e-01
7.234401106834411621e-01
7.257905602455139160e-01
7.281841635704040527e-01
7.299693226814270020e-01
7.305009961128234863e-01
7.292091250419616699e-01
7.256482243537902832e-01
7.195516228675842285e-01
7.108510136604309082e-01
6.996915936470031738e-01
6.864251494407653809e-01
6.715871691703796387e-01
6.558582186698913574e-01
6.400159001350402832e-01
6.248776316642761230e-01
6.112411618232727051e-01
5.998285412788391113e-01
5.912325978279113770e-01
5.858748555183410645e-01
5.839771628379821777e-01
5.855386853218078613e-01
5.903450846672058105e-01
5.979908108711242676e-01
6.079198718070983887e-01
6.194872260093688965e-01
6.320268511772155762e-01
6.449217200279235840e-01
6.576629281044006348e-01
6.698907017707824707e-01
6.814159750938415527e-01
6.922234892845153809e-01
7.024561762809753418e-01
7.123935818672180176e-01
7.224223017692565918e-01
7.330060601234436035e-01
7.446461319923400879e-01
7.578570246696472168e-01
7.731212973594665527e-01
7.908517718315124512e-01
8.113499283790588379e-01
8.347623944282531738e-01
8.610424399375915527e-01
8.899262547492980957e-01
9.209261536598205566e-01
9.533509612083435059e-01
9.863625168800354004e-01
1.019037723541259766e+00
1.050467491149902344e+00
1.079838752746582031e+00
1.106507301330566406e+00
1.130047321319580078e+00
1.150267839431762695e+00
1.167204618453979492e+00
1.181089401245117188e+00
1.192307949066162109e+00
1.201351881027221680e+00
1.208768844604492188e+00
1.215118885040283203e+00
1.220928192138671875e+00
1.226656675338745117e+00
1.232656717300415039e+00
1.239146232604980469e+00
1.246181011199951172e+00
1.253640890121459961e+00
1.261226892471313477e+00
1.268474340438842773e+00
1.274790763854980469e+00
1.279504060745239258e+00
1.281932353973388672e+00
1.281452417373657227e+00
1.277567863464355469e+00
1.269966602325439453e+00
1.258554935455322266e+00
1.243470907211303711e+00
1.225077629089355469e+00
1.203929424285888672e+00
1.180731058120727539e+00
1.156280517578125000e+00
1.131404638290405273e+00
1.106896638870239258e+00
1.083458900451660156e+00
1.061654329299926758e+00
1.041870832443237305e+00
1.024303674697875977e+00
1.008950233459472656e+00
9.956222176551818848e-01
9.839689135551452637e-01
9.735144972801208496e-01
9.637011885643005371e-01
9.539358019828796387e-01
9.436411261558532715e-01
9.323077797889709473e-01
9.195416569709777832e-01
9.051027894020080566e-01
8.889392018318176270e-01
8.711979985237121582e-01
8.522235751152038574e-01
8.325286507606506348e-01
8.127506375312805176e-01
7.935904860496520996e-01
7.757365107536315918e-01
7.598007321357727051e-01
7.462510466575622559e-01
7.353720068931579590e-01
7.272387146949768066e-01
7.217131257057189941e-01
7.184607386589050293e-01
7.169783711433410645e-01
7.166369557380676270e-01
7.167242169380187988e-01
7.164928913116455078e-01
7.152131795883178711e-01
7.122194170951843262e-01
7.069576382637023926e-01
6.990259289741516113e-01
6.882085800170898438e-01
6.744953393936157227e-01
6.580843329429626465e-01
6.393656134605407715e-01
6.188904643058776855e-01
5.973151326179504395e-01
5.753341317176818848e-01
5.536196827888488770e-01
5.327509045600891113e-01
5.131575465202331543e-01
4.950898289680480957e-01
4.785904288291931152e-01
4.635018706321716309e-01
4.494884610176086426e-01
4.360716938972473145e-01
4.226776361465454102e-01
4.086921215057373047e-01
3.935177326202392578e-01
3.766263127326965332e-01
3.576045632362365723e-01
3.362007141113281250e-01
3.123467564582824707e-01
2.861751914024353027e-01
2.580210566520690918e-01
2.284029722213745117e-01
1.979907155036926270e-01
1.675637364387512207e-01
1.379501223564147949e-01
1.099683642387390137e-01
8.436065912246704102e-02
6.173807382583618164e-02
4.252582788467407227e-02
2.693969011306762695e-02
1.496249437332153320e-02
6.356418132781982422e-03
6.893277168273925781e-04
-2.623021602630615234e-03
-4.252433776855468750e-03
-4.892408847808837891e-03
-5.189716815948486328e-03
-5.673766136169433594e-03
-6.712198257446289062e-03
-8.470952510833740234e-03
-1.090866327285766602e-02
-1.378881931304931641e-02
-1.671457290649414062e-02
-1.918441057205200195e-02
-2.065128087997436523e-02
-2.058249711990356445e-02
-1.851224899291992188e-02
-1.407891511917114258e-02
-7.044017314910888672e-03
2.700984477996826172e-03
1.514393091201782227e-02
3.017288446426391602e-02
4.759472608566284180e-02
6.716114282608032227e-02
8.859008550643920898e-02
1.115878224372863770e-01
