5.784325301647356282e-03
5.571413273369001801e-03
5.326266640799250107e-03
4.988137049235050191e-03
4.559364909550014944e-03
4.098968755275170239e-03
3.693713757606284509e-03
3.417681705660938207e-03
3.294509414389232282e-03
3.286464864554972110e-03
3.309050518414902164e-03
3.264734798094193202e-03
3.086621682414497636e-03
2.766655469781609256e-03
2.358793864012553865e-03
1.955893597402613704e-03
1.651862465296971560e-03
1.497309222362352976e-03
1.480944571065789805e-03
1.533997579734491801e-03
1.563247941052614554e-03
1.488289941292353369e-03
1.281047423390579976e-03
9.754133950498067307e-04
6.528972919148667842e-04
4.066999206426280544e-04
2.992860040167411029e-04
3.364192472502525177e-04
4.613261586055017460e-04
5.810227308947202296e-04
6.069898064676171323e-04
4.931433054097267288e-04
2.552361737287456300e-04
-3.339543766461838814e-05
-2.756626754960023185e-04
-3.924770292191293031e-04
-3.576589279257746945e-04
-2.092170133092818851e-04
-3.390393314289807947e-05
7.216237587748253191e-05
4.018471457667427416e-05
-1.383490398437769997e-04
-4.115165920338670347e-04
-6.939399132525059244e-04
-9.022494310567674702e-04
-9.970133532778424623e-04
-9.990109242515865517e-04
-9.849513271491527888e-04
-1.050501669314862774e-03
-1.271767365347953316e-03
-1.668576756389539284e-03
-2.196584220034547563e-03
-2.763759106210184058e-03
-3.267281664223853355e-03
-3.637058152684113921e-03
-3.862196400321149525e-03
-3.991651988235034310e-03
-4.108974406042298355e-03
-4.293587585446623223e-03
-4.581689557190848916e-03
-4.947722089643669108e-03
-5.313464072844054087e-03
-5.583012564701061997e-03
-5.682393704597221706e-03
-5.594049377906085141e-03
-5.364215659712456841e-03
-5.087457268987405357e-03
-4.867015524577689156e-03
-4.771865742022818324e-03
-4.813028799888541265e-03
-4.940599998748407273e-03
-5.071963092085240987e-03
-5.131073655676332557e-03
-5.086169884096714000e-03
-4.966299722422684582e-03
-4.853608580574264586e-03
-4.845593331718300867e-03
-5.016805244831945565e-03
-5.383750371385498390e-03
-5.897147288235315976e-03
-6.462455121326815544e-03
-6.977405455433349779e-03
-7.372439190635571293e-03
-7.637941530249880984e-03
-7.823352568762542703e-03
-8.009232258231469004e-03
-8.268933505594100453e-03
-8.628027838017970907e-03
-9.052747612492972884e-03
-9.458280336754887330e-03
-9.744050379237090276e-03
-9.836653096510605820e-03
-9.721136648735195784e-03
-9.447836761160788299e-03
-9.113326281767752945e-03
-8.820632676186157539e-03
-8.638231247851013705e-03
-8.576050692650993845e-03
-8.583495168138055575e-03
-8.582182435421192856e-03
-8.501072192267589145e-03
-8.317074824397918675e-03
-8.067105178324651682e-03
-7.836331167723642466e-03
-7.724619161972423598e-03
-7.802491497125862985e-03
-8.081543687662118280e-03
-8.508722830599557696e-03
-8.985946414226564372e-03
-9.411850833555113205e-03
-9.722608888315664721e-03
-9.915811408579777719e-03
-1.004803004370047326e-02
-1.020891148191371833e-02
-1.047420110216390476e-02
-1.087713006555746098e-02
-1.138746583854532979e-02
-1.192632702433527037e-02
-1.240128496808723391e-02
-1.274750838042848500e-02
-1.295654120479849958e-02
-1.308141887865699182e-02
-1.321488536512305245e-02
-1.344967132302432589e-02
-1.383695385076633144e-02
-1.436606479656177271e-02
-1.496645239290672613e-02
-1.554044125061104786e-02
-1.600342700194601342e-02
-1.632018921356270802e-02
-1.652094152864891363e-02
-1.668540073406177271e-02
-1.690766594030490566e-02
-1.725661998482852511e-02
-1.774388469373633370e-02
-1.832042873583472620e-02
-1.889852824245741303e-02
-1.939056524993532094e-02
-1.975053766889289797e-02
-1.999369648539484068e-02
-2.019119108116007588e-02
-2.043890718042562504e-02
-2.081679906358968601e-02
-2.135319191556850349e-02
-2.201080145941092248e-02
-2.270363031727118397e-02
-2.333177980201206481e-02
-2.382425394024467735e-02
-2.416873955463805235e-02
-2.441392426568878005e-02
-2.464776063331042266e-02
-2.495515854271923573e-02
-2.538261438597144704e-02
-2.591376427700731178e-02
-2.647802627512640949e-02
-2.697928910357283439e-02
-2.734078910358350711e-02
-2.753735354366704247e-02
-2.760625794355919815e-02
-2.763457625493748182e-02
-2.771702238936124552e-02
-2.792117951303918488e-02
-2.825106641696073506e-02
-2.865328777281861417e-02
-2.903494890459445976e-02
-2.930734477741880895e-02
-2.942532527013685950e-02
-2.940503431548446844e-02
-2.931951892902140422e-02
-2.926494399860146700e-02
-2.931926748233981694e-02
-2.950850841942553870e-02
-2.979600881876265372e-02
-3.009840219309167786e-02
-3.032320766139984247e-02
-3.040960064204822899e-02
-3.035688432817496007e-02
-3.022418700686324566e-02
-3.010567086165050199e-02
-3.008967788353444917e-02
-3.021988665904995486e-02
-3.047722813700137756e-02
-3.078643579267426045e-02
-3.105084721792861213e-02
-3.119237011868913889e-02
-3.118499638676297536e-02
-3.106793840817201335e-02
-3.092302225768295276e-02
-3.084150685530417935e-02
-3.088056866712540760e-02
-3.103741225555967098e-02
-3.125015525779606396e-02
-3.142312614487396960e-02
-3.146789947623418460e-02
-3.134199426941308708e-02
-3.106696215023663221e-02
-3.071916116511363981e-02
-3.039616318618865165e-02
-3.017511643981707348e-02
-3.007979101828606172e-02
-3.007285640260282111e-02
-3.007119317308737383e-02
-2.998600663138295541e-02
-2.976399005732088821e-02
-2.941156527381283414e-02
-2.899364041815477577e-02
-2.860719398585109818e-02
-2.833984588326188270e-02
-2.823147138443338200e-02
-2.825729496270856789e-02
-2.833852899447264484e-02
-2.837658574478796325e-02
-2.829362354223241560e-02
-2.806820749137761695e-02
-2.774024622155046860e-02
-2.739424179344507326e-02
-2.711843325875107347e-02
-2.697076298194128752e-02
-2.694504342136322395e-02
-2.698022598166260888e-02
-2.698567635346299509e-02
-2.688298653925957904e-02
-2.664034678041554693e-02
-2.629198327488391218e-02
-2.592300460233337711e-02
-2.563598324335752965e-02
-2.550938134831765014e-02
-2.556288576977677751e-02
-2.575369068328303701e-02
-2.599208483829074101e-02
-2.618484580903268633e-02
-2.627525970841626535e-02
-2.626420266078299814e-02
-2.621086113345377777e-02
-2.620348874756894819e-02
-2.631781328823046273e-02
-2.658194611259750983e-02
-2.696208901770830169e-02
-2.737318712754277517e-02
-2.771623848424176195e-02
-2.791853824957740704e-02
-2.796480361481676336e-02
-2.790522610211307319e-02
-2.783109090244142991e-02
-2.783555277132093719e-02
-2.797626490054488935e-02
-2.824791340217852609e-02
-2.858932430094202060e-02
-2.890933626537088574e-02
-2.913115565805915463e-02
-2.922527590074959492e-02
-2.922712062689655776e-02
-2.921948135433561494e-02
-2.929949446245335570e-02
-2.953541720472089432e-02
-2.993823266550443840e-02
-3.045577555894851685e-02
-3.099477612451173592e-02
-3.146041488088854171e-02
-3.179796354249812135e-02
-3.201441168250673125e-02
-3.217545355466014390e-02
-3.237220546922263409e-02
-3.268268312186714541e-02
-3.313696062917943774e-02
-3.370236491614858609e-02
-3.429834725274777396e-02
-3.483332162441848956e-02
-3.524326793409288117e-02
-3.552441456401975173e-02
-3.573268617129390923e-02
-3.596451576689710383e-02
-3.630940040246116718e-02
-3.681687594904681227e-02
-3.746957343535395335e-02
-3.819323830239057527e-02
-3.888326575568862298e-02
-3.945048819873853141e-02
-3.985431249907411821e-02
-4.012076385128743317e-02
-4.032196395947151846e-02
-4.054592802618761649e-02
-4.085261737913870039e-02
-4.124895801411099239e-02
-4.168318322952824229e-02
-4.207071327311567854e-02
-4.233244652109763306e-02
-4.243293832265199184e-02
-4.240030958757751156e-02
-4.231859550052197161e-02
-4.229314015806101557e-02
-4.241003561650213971e-02
-4.269936555098646780e-02
-4.312353855233397315e-02
-4.359624900760711297e-02
-4.401634238762658358e-02
-4.431105778433974685e-02
-4.446541597098974119e-02
-4.452555759238385757e-02
-4.457078100349542993e-02
-4.467897214944849260e-02
-4.488527128798791566e-02
-4.516359436139283368e-02
-4.543669574468889305e-02
-4.560592809829366878e-02
-4.559673572837141808e-02
-4.538893266591281783e-02
-4.502805662621778282e-02
-4.460965493340152133e-02
-4.423744140782803758e-02
-4.398520527886484732e-02
-4.386723618253396406e-02
-4.383654549101290154e-02
-4.381137185402839140e-02
-4.371521196747052418e-02
-4.351359633529572335e-02
-4.323285804951648714e-02
-4.295086059222552599e-02
-4.276481820769872932e-02
-4.274882396584345212e-02
-4.291960151625884290e-02
-4.322918624916194386e-02
-4.358366909667421574e-02
-4.387843783311873302e-02
-4.404314623612648472e-02
-4.406772710144790661e-02
-4.400119105883815163e-02
-4.392633316874849925e-02
-4.392116480867880313e-02
-4.401625569115952263e-02
-4.418428640581184563e-02
-4.434627058888973572e-02
-4.440381729755438212e-02
-4.428541509971140044e-02
-4.397497517640513998e-02
-4.352219618329178363e-02
-4.302179780836068446e-02
-4.257730016437855092e-02
-4.225504370044708136e-02
-4.206345112035414502e-02
-4.195057893453324471e-02
-4.183157565650197363e-02
-4.162963130992702876e-02
-4.131243904278059098e-02
-4.091019021938557820e-02
-4.050304816971472821e-02
-4.018538964227769128e-02
-4.002692379252748012e-02
-4.003956262342056593e-02
-4.017082464249510654e-02
-4.032389858319163078e-02
-4.039730670064489715e-02
-4.032537510972311612e-02
-4.010687739267604357e-02
-3.979664132173033053e-02
-3.948419520434909291e-02
-3.925023529522020382e-02
-3.912905688183976327e-02
-3.909435474446587566e-02
-3.907049771258619408e-02
-3.896566604386864086e-02
-3.871553628531398950e-02
-3.831030106178845429e-02
-3.780492062490592442e-02
-3.729318595195374453e-02
-3.687097702060149196e-02
-3.659502807838943550e-02
-3.645976127284722423e-02
-3.639882979287789588e-02
-3.631668609041316387e-02
-3.612822685727823391e-02
-3.579813476980020504e-02
-3.535372173393391826e-02
-3.487374993718206362e-02
-3.445178052263564439e-02
-3.415794959305173961e-02
-3.400422987903328753e-02
-3.394336759366356482e-02
-3.388679109895775809e-02
-3.374683613089413114e-02
-3.347387531183132481e-02
-3.308018611896557104e-02
-3.263655873837989496e-02
-3.223780753631522167e-02
-3.196698715973611549e-02
-3.185431125183035839e-02
-3.186575147214454340e-02
-3.191670345294994604e-02
-3.190770366571316075e-02
-3.176557773856014677e-02
-3.147572361314865397e-02
-3.108431159772240271e-02
-3.067727742160530902e-02
-3.034146418808347789e-02
-3.012299319582290025e-02
-3.000858041203557924e-02
-2.993089115226887920e-02
-2.979552980840494136e-02
-2.952713165769327297e-02
-2.910064977068049785e-02
-2.855903086557076698e-02
-2.799143136638360119e-02
-2.750090900642909730e-02
-2.716143999133524556e-02
-2.698557591701122860e-02
-2.692594046514651396e-02
-2.689297175041771570e-02
-2.679812400427772356e-02
-2.659251664887962718e-02
-2.628559943148878197e-02
-2.594413959554020543e-02
-2.565626139538956796e-02
-2.549223158351998642e-02
-2.547233531055048683e-02
-2.555280015046579312e-02
-2.564309508219031475e-02
-2.564445307832052823e-02
-2.548952939122717254e-02
-2.517251709057699571e-02
-2.475050699265390897e-02
-2.431812230817398390e-02
-2.396824039714173793e-02
-2.375042212442501910e-02
-2.365317271958056189e-02
-2.360851156185395094e-02
-2.352504213497419450e-02
-2.332790592235389759e-02
-2.299394490775330535e-02
-2.256297612844204714e-02
-2.211800844380995557e-02
-2.175223799060832519e-02
-2.152601251331665022e-02
-2.143865791196786219e-02
-2.142979420193802387e-02
-2.140263659532004592e-02
-2.126645891532430444e-02
-2.097627127323187235e-02
-2.054947379018379205e-02
-2.005924682832782580e-02
-1.960129912148800280e-02
-1.925312691729086367e-02
-1.903936741710055003e-02
-1.892158309527625093e-02
-1.881645776093299194e-02
-1.863314972657459379e-02
-1.831317122392728258e-02
-1.785848322554994816e-02
-1.732977600135965357e-02
-1.682218463851237189e-02
-1.642318090325178837e-02
-1.617274238296129152e-02
-1.604955587039302856e-02
-1.597607122624378206e-02
-1.585662392700104562e-02
-1.561317167663833771e-02
-1.522516303368548485e-02
-1.473410084227055883e-02
-1.422542910321888954e-02
-1.379294930504926242e-02
-1.349402128377419352e-02
-1.332812407631522866e-02
-1.323416424264245439e-02
-1.311844154271302187e-02
-1.289566065131464434e-02
-1.252612510833406301e-02
-1.203306071966481205e-02
-1.149233448132702673e-02
-1.099913666350704755e-02
-1.062379875238439464e-02
-1.038411976005704229e-02
-1.023303849982404312e-02
-1.008077789992933848e-02
-9.835254409095717243e-03
-9.438376651237090353e-03
-8.896898412132980827e-03
-8.276070414592939795e-03
-7.672308618537571068e-03
-7.174332625016710541e-03
-6.824442610148806487e-03
-6.601048560672173604e-03
-6.432214523414858665e-03
-6.227229342091855635e-03
-5.917882865244028512e-03
-5.492415658064520034e-03
-5.000458276830155313e-03
-4.530053042034798416e-03
-4.172097798297746962e-03
-3.978806282032232300e-03
-3.938037091032908776e-03
-3.978891445282128903e-03
-3.996873457936478413e-03
-3.899983275871321542e-03
-3.643092415845095022e-03
-3.244174047629555524e-03
-2.773441490697747813e-03
-2.316992297313080762e-03
-1.939067446147191287e-03
-1.648274025716822688e-03
-1.394807944060633131e-03
-1.088397289163323123e-03
-6.427120373344863413e-04
-1.321201862947152250e-05
7.817950664550377127e-04
1.662210767921834531e-03
2.519610759065579741e-03
3.255609619908214625e-03
3.821642187027698978e-03
4.235295403926864211e-03
4.564154153445895701e-03
4.895192223034625090e-03
5.292047506196294326e-03
5.767282610381289226e-03
6.272517144679853190e-03
