5.784325301647186279e-03
-1.017303019762039185e-02
-2.603346854448318481e-02
-4.176927357912063599e-02
-5.735356360673904419e-02
-7.276267558336257935e-02
-8.797592669725418091e-02
-1.029748395085334778e-01
-1.177460029721260071e-01
-1.322789192199707031e-01
-1.465660333633422852e-01
-1.606050133705139160e-01
-1.743966937065124512e-01
-1.879457831382751465e-01
-2.012611031532287598e-01
-2.143549323081970215e-01
-2.272400856018066406e-01
-2.399340867996215820e-01
-2.524554729461669922e-01
-2.648243904113769531e-01
-2.770593166351318359e-01
-2.891808748245239258e-01
-3.012063503265380859e-01
-3.131517767906188965e-01
-3.250302672386169434e-01
-3.368509411811828613e-01
-3.486194014549255371e-01
-3.603350520133972168e-01
-3.719940781593322754e-01
-3.835873007774353027e-01
-3.951001763343811035e-01
-4.065142869949340820e-01
-4.178090691566467285e-01
-4.289598464965820312e-01
-4.399411082267761230e-01
-4.507271051406860352e-01
-4.612933993339538574e-01
-4.716175794601440430e-01
-4.816810488700866699e-01
-4.914674758911132812e-01
-5.009682774543762207e-01
-5.101779699325561523e-01
-5.190963149070739746e-01
-5.277307629585266113e-01
-5.360914468765258789e-01
-5.441945195198059082e-01
-5.520586371421813965e-01
-5.597082972526550293e-01
-5.671684145927429199e-01
-5.744672417640686035e-01
-5.816325545310974121e-01
-5.886933803558349609e-01
-5.956782698631286621e-01
-6.026137471199035645e-01
-6.095256209373474121e-01
-6.164376139640808105e-01
-6.233703494071960449e-01
-6.303409934043884277e-01
-6.373647451400756836e-01
-6.444533467292785645e-01
-6.516148447990417480e-01
-6.588534712791442871e-01
-6.661718487739562988e-01
-6.735686063766479492e-01
-6.810401082038879395e-01
-6.885787844657897949e-01
-6.961764693260192871e-01
-7.038233876228332520e-01
-7.115070223808288574e-01
-7.192153930664062500e-01
-7.269347310066223145e-01
-7.346521019935607910e-01
-7.423544526100158691e-01
-7.500294446945190430e-01
-7.576649785041809082e-01
-7.652521133422851562e-01
-7.727811932563781738e-01
-7.802460193634033203e-01
-7.876413464546203613e-01
-7.949636578559875488e-01
-8.022124171257019043e-01
-8.093889355659484863e-01
-8.164955973625183105e-01
-8.235372304916381836e-01
-8.305208086967468262e-01
-8.374540209770202637e-01
-8.443474173545837402e-01
-8.512101769447326660e-01
-8.580544590950012207e-01
-8.648918271064758301e-01
-8.717337250709533691e-01
-8.785915970802307129e-01
-8.854758143424987793e-01
-8.923945426940917969e-01
-8.993543982505798340e-01
-9.063592553138732910e-01
-9.134097099304199219e-01
-9.205036759376525879e-01
-9.276323914527893066e-01
-9.347855448722839355e-01
-9.419454932212829590e-01
-9.490918517112731934e-01
-9.561985135078430176e-01
-9.632347822189331055e-01
-9.701673388481140137e-01
-9.769591689109802246e-01
-9.835719466209411621e-01
-9.899676442146301270e-01
-9.961079955101013184e-01
-1.001957774162292480e+00
-1.007485985755920410e+00
-1.012666583061218262e+00
-1.017479658126831055e+00
-1.021914482116699219e+00
-1.025964140892028809e+00
-1.029632925987243652e+00
-1.032929897308349609e+00
-1.035870194435119629e+00
-1.038474321365356445e+00
-1.040766596794128418e+00
-1.042772769927978516e+00
-1.044518828392028809e+00
-1.046030163764953613e+00
-1.047330498695373535e+00
-1.048439383506774902e+00
-1.049373865127563477e+00
-1.050145387649536133e+00
-1.050762414932250977e+00
-1.051228404045104980e+00
-1.051542162895202637e+00
-1.051699876785278320e+00
-1.051693201065063477e+00
-1.051510095596313477e+00
-1.051137447357177734e+00
-1.050559163093566895e+00
-1.049757838249206543e+00
-1.048714756965637207e+00
-1.047409653663635254e+00
-1.045823574066162109e+00
-1.043937563896179199e+00
-1.041733622550964355e+00
-1.039194703102111816e+00
-1.036306738853454590e+00
-1.033058762550354004e+00
-1.029442429542541504e+00
-1.025454401969909668e+00
-1.021095156669616699e+00
-1.016370177268981934e+00
-1.011290788650512695e+00
-1.005872845649719238e+00
-1.000138163566589355e+00
-9.941118359565734863e-01
-9.878253340721130371e-01
-9.813122153282165527e-01
-9.746094346046447754e-01
-9.677540659904479980e-01
-9.607852101325988770e-01
-9.537407159805297852e-01
-9.466551542282104492e-01
-9.395622014999389648e-01
-9.324885010719299316e-01
-9.254598021507263184e-01
-9.184921383857727051e-01
-9.115999937057495117e-01
-9.047896265983581543e-01
-8.980622887611389160e-01
-8.914149999618530273e-01
-8.848385810852050781e-01
-8.783212304115295410e-01
-8.718470931053161621e-01
-8.653977513313293457e-01
-8.589532971382141113e-01
-8.524934649467468262e-01
-8.459976911544799805e-01
-8.394463658332824707e-01
-8.328211307525634766e-01
-8.261068463325500488e-01
-8.192906975746154785e-01
-8.123632669448852539e-01
-8.053188920021057129e-01
-7.981554865837097168e-01
-7.908757328987121582e-01
-7.834851145744323730e-01
-7.759941220283508301e-01
-7.684157490730285645e-01
-7.607651352882385254e-01
-7.530620694160461426e-01
-7.453253865242004395e-01
-7.375766634941101074e-01
-7.298369407653808594e-01
-7.221264243125915527e-01
-7.144647240638732910e-01
-7.068691849708557129e-01
-6.993541121482849121e-01
-6.919308304786682129e-01
-6.846069693565368652e-01
-6.773862838745117188e-01
-6.702678203582763672e-01
-6.632462739944458008e-01
-6.563118100166320801e-01
-6.494515538215637207e-01
-6.426466107368469238e-01
-6.358745694160461426e-01
-6.291104555130004883e-01
-6.223260760307312012e-01
-6.154904365539550781e-01
-6.085711717605590820e-01
-6.015353202819824219e-01
-5.943493843078613281e-01
-5.869806408882141113e-01
-5.793981552124023438e-01
-5.715740919113159180e-01
-5.634828209877014160e-01
-5.551050305366516113e-01
-5.464250445365905762e-01
-5.374338626861572266e-01
-5.281268954277038574e-01
-5.185104012489318848e-01
-5.085921883583068848e-01
-4.983885884284973145e-01
-4.879214167594909668e-01
-4.772176146507263184e-01
-4.663057923316955566e-01
-4.552184343338012695e-01
-4.439873099327087402e-01
-4.326434135437011719e-01
-4.212165474891662598e-01
-4.097312092781066895e-01
-3.982090950012207031e-01
-3.866635560989379883e-01
-3.751035332679748535e-01
-3.635329008102416992e-01
-3.519473671913146973e-01
-3.403380513191223145e-01
-3.286908864974975586e-01
-3.169869780540466309e-01
-3.052045106887817383e-01
-2.933204770088195801e-01
-2.813096046447753906e-01
-2.691476345062255859e-01
-2.568104863166809082e-01
-2.442756295204162598e-01
-2.315251231193542480e-01
-2.185435295104980469e-01
-2.053188681602478027e-01
-1.918460130691528320e-01
-1.781229972839355469e-01
-1.641547083854675293e-01
-1.499498486518859863e-01
-1.355236768722534180e-01
-1.208949163556098938e-01
-1.060887649655342102e-01
-9.113240987062454224e-02
-7.605690509080886841e-02
-6.089515239000320435e-02
-4.568267613649368286e-02
-3.045577555894851685e-02
-1.525033265352249146e-02
-1.006796956062316895e-04
1.495944708585739136e-02
2.989851683378219604e-02
4.468619078397750854e-02
5.929743498563766479e-02
7.370983809232711792e-02
8.790355175733566284e-02
1.018630191683769226e-01
1.155767366290092468e-01
1.290364265441894531e-01
1.422400474548339844e-01
1.551880240440368652e-01
1.678872108459472656e-01
1.803463101387023926e-01
1.925825476646423340e-01
2.046145200729370117e-01
2.164668440818786621e-01
2.281651496887207031e-01
2.397392988204956055e-01
2.512186765670776367e-01
2.626330852508544922e-01
2.740064263343811035e-01
2.853612005710601807e-01
2.967117130756378174e-01
3.080660700798034668e-01
3.194225132465362549e-01
3.307722210884094238e-01
3.420976102352142334e-01
3.533747196197509766e-01
3.645744919776916504e-01
3.756639957427978516e-01
3.866078555583953857e-01
3.973723053932189941e-01
4.079245924949645996e-01
4.182363748550415039e-01
4.282848238945007324e-01
4.380508959293365479e-01
4.475232958793640137e-01
4.566974043846130371e-01
4.655742049217224121e-01
4.741592407226562500e-01
4.824660420417785645e-01
4.905102252960205078e-01
4.983122348785400391e-01
5.058960318565368652e-01
5.132866501808166504e-01
5.205119848251342773e-01
5.275987386703491211e-01
5.345750451087951660e-01
5.414687395095825195e-01
5.483048558235168457e-01
5.551090240478515625e-01
5.619033575057983398e-01
5.687081813812255859e-01
5.755421519279479980e-01
5.824206471443176270e-01
5.893559455871582031e-01
5.963580608367919922e-01
6.034342646598815918e-01
6.105891466140747070e-01
6.178240180015563965e-01
6.251373887062072754e-01
6.325264573097229004e-01
6.399853825569152832e-01
6.475053429603576660e-01
6.550779342651367188e-01
6.626920104026794434e-01
6.703346371650695801e-01
6.779929399490356445e-01
6.856538057327270508e-01
6.933022141456604004e-01
7.009270191192626953e-01
7.085143923759460449e-01
7.160522341728210449e-01
7.235317826271057129e-01
7.309437990188598633e-01
7.382826209068298340e-01
7.455443143844604492e-01
7.527281641960144043e-01
7.598342299461364746e-01
7.668681144714355469e-01
7.738358378410339355e-01
7.807468771934509277e-01
7.876132130622863770e-01
7.944488525390625000e-01
8.012697100639343262e-01
8.080915212631225586e-01
8.149304986000061035e-01
8.218042850494384766e-01
8.287280201911926270e-01
8.357151150703430176e-01
8.427758812904357910e-01
8.499171733856201172e-01
8.571413159370422363e-01
8.644461035728454590e-01
8.718207478523254395e-01
8.792522549629211426e-01
8.867191672325134277e-01
8.941941857337951660e-01
9.016457200050354004e-01
9.090370535850524902e-01
9.163279533386230469e-01
9.234770536422729492e-01
9.304411411285400391e-01
9.371801018714904785e-01
9.436540007591247559e-01
9.498288631439208984e-01
9.556749463081359863e-01
9.611683487892150879e-01
9.662910103797912598e-01
9.710327982902526855e-01
9.753888845443725586e-01
9.793617129325866699e-01
9.829576611518859863e-01
9.861887097358703613e-01
9.890701174736022949e-01
9.916212558746337891e-01
9.938611388206481934e-01
9.958119988441467285e-01
9.974940419197082520e-01
9.989284873008728027e-01
1.000133991241455078e+00
1.001128554344177246e+00
1.001927614212036133e+00
1.002542376518249512e+00
1.002984166145324707e+00
1.003257989883422852e+00
1.003367662429809570e+00
1.003313183784484863e+00
1.003091096878051758e+00
1.002694725990295410e+00
1.002115249633789062e+00
1.001339554786682129e+00
1.000353097915649414e+00
9.991389513015747070e-01
9.976776242256164551e-01
9.959500432014465332e-01
9.939352869987487793e-01
9.916115403175354004e-01
9.889602661132812500e-01
9.859628081321716309e-01
9.826049208641052246e-01
9.788725972175598145e-01
9.747593402862548828e-01
9.702624678611755371e-01
9.653844833374023438e-01
9.601364731788635254e-01
9.545329809188842773e-01
9.485974311828613281e-01
9.423585534095764160e-01
9.358502030372619629e-01
9.291128516197204590e-01
9.221872687339782715e-01
9.151185154914855957e-01
9.079521894454956055e-01
9.007310271263122559e-01
8.934960961341857910e-01
8.862845301628112793e-01
8.791270256042480469e-01
8.720490932464599609e-01
8.650685548782348633e-01
8.581961989402770996e-01
8.514365553855895996e-01
8.447867035865783691e-01
8.382392525672912598e-01
8.317803740501403809e-01
8.253931999206542969e-01
8.190571069717407227e-01
8.127505779266357422e-01
8.064508438110351562e-01
8.001344799995422363e-01
7.937812805175781250e-01
7.873709201812744141e-01
7.808855175971984863e-01
7.743113040924072266e-01
7.676367163658142090e-01
7.608549594879150391e-01
7.539627552032470703e-01
7.469593286514282227e-01
7.398490309715270996e-01
7.326394319534301758e-01
7.253419756889343262e-01
7.179702520370483398e-01
7.105407714843750000e-01
7.030725479125976562e-01
6.955859065055847168e-01
6.881020069122314453e-01
6.806432008743286133e-01
6.732305288314819336e-01
6.658847928047180176e-01
6.586238741874694824e-01
6.514630317687988281e-01
6.444160938262939453e-01
6.374904513359069824e-01
6.306910514831542969e-01
6.240150332450866699e-01
6.174579858779907227e-01
6.110068559646606445e-01
6.046445965766906738e-01
5.983499884605407715e-01
5.920956134796142578e-01
5.858524441719055176e-01
5.795863866806030273e-01
5.732626318931579590e-01
5.668455362319946289e-01
5.602998137474060059e-01
5.535917878150939941e-01
5.466902852058410645e-01
5.395672917366027832e-01
5.321983695030212402e-01
5.245653986930847168e-01
5.166527032852172852e-01
5.084517598152160645e-01
4.999588429927825928e-01
4.911732077598571777e-01
4.821012616157531738e-01
4.727502465248107910e-01
4.631322920322418213e-01
4.532634317874908447e-01
4.431602954864501953e-01
4.328410029411315918e-01
4.223254024982452393e-01
4.116320908069610596e-01
4.007802009582519531e-01
3.897892832756042480e-01
3.786759078502655029e-01
3.674549460411071777e-01
3.561414182186126709e-01
3.447465896606445312e-01
3.332788348197937012e-01
3.217451274394989014e-01
3.101482987403869629e-01
2.984905242919921875e-01
2.867691814899444580e-01
2.749794721603393555e-01
2.631142139434814453e-01
2.511629760265350342e-01
2.391144037246704102e-01
2.269528806209564209e-01
2.146625518798828125e-01
2.022250890731811523e-01
1.896240413188934326e-01
1.768406033515930176e-01
1.638565361499786377e-01
1.506568789482116699e-01
1.372275948524475098e-01
1.235601231455802917e-01
1.096481308341026306e-01
9.549128264188766479e-02
8.109693974256515503e-02
6.647708266973495483e-02
5.165260285139083862e-02
3.665178269147872925e-02
2.151172608137130737e-02
6.272517144680023193e-03
