1.605063676834106445e-03
-1.410648226737976074e-02
-2.969393134117126465e-02
-4.507860541343688965e-02
-6.023439764976501465e-02
-7.518932223320007324e-02
-9.000465273857116699e-02
-1.047401726245880127e-01
-1.194132268428802490e-01
-1.339803636074066162e-01
-1.483475863933563232e-01
-1.624130606651306152e-01
-1.761105656623840332e-01
-1.894379556179046631e-01
-2.024586796760559082e-01
-2.152698934078216553e-01
-2.279658615589141846e-01
-2.406049668788909912e-01
-2.531928718090057373e-01
-2.656897008419036865e-01
-2.780300080776214600e-01
-2.901577651500701904e-01
-3.020540773868560791e-01
-3.137569725513458252e-01
-3.253556191921234131e-01
-3.369586765766143799e-01
-3.486522138118743896e-01
-3.604539334774017334e-01
-3.723025023937225342e-01
-3.840881288051605225e-01
-3.956978023052215576e-01
-4.070698320865631104e-01
-4.182093441486358643e-01
-4.291690289974212646e-01
-4.400154054164886475e-01
-4.507866799831390381e-01
-4.614715278148651123e-01
-4.720100462436676025e-01
-4.823093116283416748e-01
-4.922724664211273193e-01
-5.018258094787597656e-01
-5.109480619430541992e-01
-5.196748971939086914e-01
-5.280915498733520508e-01
-5.362992286682128906e-01
-5.443713665008544922e-01
-5.523189306259155273e-01
-5.600830316543579102e-01
-5.675777196884155273e-01
-5.747458934783935547e-01
-5.816040039062500000e-01
-5.882396697998046875e-01
-5.947782993316650391e-01
-6.013370752334594727e-01
-6.079921722412109375e-01
-6.147637367248535156e-01
-6.216261386871337891e-01
-6.285309791564941406e-01
-6.354312896728515625e-01
-6.423119306564331055e-01
-6.491948366165161133e-01
-6.561398506164550781e-01
-6.632244586944580078e-01
-6.705166101455688477e-01
-6.780444383621215820e-01
-6.857798099517822266e-01
-6.936408281326293945e-01
-7.015172243118286133e-01
-7.093112468719482422e-01
-7.169800996780395508e-01
-7.245547771453857422e-01
-7.321153879165649414e-01
-7.397423982620239258e-01
-7.474640607833862305e-01
-7.552362680435180664e-01
-7.629581689834594727e-01
-7.705157995223999023e-01
-7.778238058090209961e-01
-7.848606109619140625e-01
-7.916725873947143555e-01
-7.983611822128295898e-01
-8.050390481948852539e-01
-8.117829561233520508e-01
-8.186011314392089844e-01
-8.254355192184448242e-01
-8.322020769119262695e-01
-8.388465642929077148e-01
-8.453768491744995117e-01
-8.518584966659545898e-01
-8.583813905715942383e-01
-8.650257587432861328e-01
-8.718355894088745117e-01
-8.788162469863891602e-01
-8.859413862228393555e-01
-8.931716680526733398e-01
-9.004657268524169922e-01
-9.077912569046020508e-01
-9.151269197463989258e-01
-9.224604368209838867e-01
-9.297817945480346680e-01
-9.370800256729125977e-01
-9.443379640579223633e-01
-9.515292644500732422e-01
-9.586204290390014648e-01
-9.655714035034179688e-01
-9.723380804061889648e-01
-9.788764715194702148e-01
-9.851447343826293945e-01
-9.911066293716430664e-01
-9.967309236526489258e-01
-1.001995921134948730e+00
-1.006884455680847168e+00
-1.011389493942260742e+00
-1.015509009361267090e+00
-1.019246816635131836e+00
-1.022611260414123535e+00
-1.025614857673645020e+00
-1.028273105621337891e+00
-1.030603766441345215e+00
-1.032625555992126465e+00
-1.034359097480773926e+00
-1.035824894905090332e+00
-1.037044167518615723e+00
-1.038036465644836426e+00
-1.038821220397949219e+00
-1.039415478706359863e+00
-1.039833903312683105e+00
-1.040088057518005371e+00
-1.040186762809753418e+00
-1.040132641792297363e+00
-1.039925694465637207e+00
-1.039561033248901367e+00
-1.039028286933898926e+00
-1.038313150405883789e+00
-1.037398219108581543e+00
-1.036262392997741699e+00
-1.034882783889770508e+00
-1.033234834671020508e+00
-1.031294941902160645e+00
-1.029039859771728516e+00
-1.026448726654052734e+00
-1.023503541946411133e+00
-1.020191192626953125e+00
-1.016502380371093750e+00
-1.012432932853698730e+00
-1.007984995841979980e+00
-1.003165364265441895e+00
-9.979863166809082031e-01
-9.924656152725219727e-01
-9.866250753402709961e-01
-9.804911613464355469e-01
-9.740927219390869141e-01
-9.674624204635620117e-01
-9.606326818466186523e-01
-9.536381959915161133e-01
-9.465135335922241211e-01
-9.392927885055541992e-01
-9.320081472396850586e-01
-9.246898889541625977e-01
-9.173666238784790039e-01
-9.100638628005981445e-01
-9.028034210205078125e-01
-8.956040143966674805e-01
-8.884807825088500977e-01
-8.814440965652465820e-01
-8.745012283325195312e-01
-8.676539659500122070e-01
-8.609001636505126953e-01
-8.542326688766479492e-01
-8.476402759552001953e-01
-8.411055803298950195e-01
-8.346077203750610352e-01
-8.281217813491821289e-01
-8.216208219528198242e-01
-8.150744438171386719e-01
-8.084535598754882812e-01
-8.017319440841674805e-01
-7.948876619338989258e-01
-7.879059314727783203e-01
-7.807829380035400391e-01
-7.735246419906616211e-01
-7.661471366882324219e-01
-7.586750984191894531e-01
-7.511372566223144531e-01
-7.435604333877563477e-01
-7.359648942947387695e-01
-7.283592224121093750e-01
-7.207378149032592773e-01
-7.130872011184692383e-01
-7.053943872451782227e-01
-6.976650953292846680e-01
-6.899359226226806641e-01
-6.822819709777832031e-01
-6.748014688491821289e-01
-6.675778627395629883e-01
-6.606355905532836914e-01
-6.539146900177001953e-01
-6.472929716110229492e-01
-6.406519412994384766e-01
-6.339424848556518555e-01
-6.272017955780029297e-01
-6.205158233642578125e-01
-6.139514446258544922e-01
-6.075158119201660156e-01
-6.011466979980468750e-01
-5.947390794754028320e-01
-5.881793498992919922e-01
-5.813775062561035156e-01
-5.742838382720947266e-01
-5.668926239013671875e-01
-5.592328310012817383e-01
-5.513479709625244141e-01
-5.432733297348022461e-01
-5.350162982940673828e-01
-5.265434980392456055e-01
-5.177825689315795898e-01
-5.086450576782226562e-01
-4.990659654140472412e-01
-4.890430867671966553e-01
-4.786541759967803955e-01
-4.680294692516326904e-01
-4.572927653789520264e-01
-4.465057551860809326e-01
-4.356519877910614014e-01
-4.246655404567718506e-01
-4.134773910045623779e-01
-4.020566046237945557e-01
-3.904264271259307861e-01
-3.786557614803314209e-01
-3.668385446071624756e-01
-3.550611436367034912e-01
-3.433738648891448975e-01
-3.317746222019195557e-01
-3.202068507671356201e-01
-3.085756599903106689e-01
-2.967837750911712646e-01
-2.847676575183868408e-01
-2.725245654582977295e-01
-2.601113021373748779e-01
-2.476089894771575928e-01
-2.350717484951019287e-01
-2.224890887737274170e-01
-2.097802162170410156e-01
-1.968269050121307373e-01
-1.835213303565979004e-01
-1.698104441165924072e-01
-1.557084918022155762e-01
-1.412882208824157715e-01
-1.266467869281768799e-01
-1.118695139884948730e-01
-9.700077772140502930e-02
-8.203369379043579102e-02
-6.692221760749816895e-02
-5.160966515541076660e-02
-3.606650233268737793e-02
-2.031937241554260254e-02
-4.458159208297729492e-03
1.138386130332946777e-02
2.707466483116149902e-02
4.252430796623229980e-02
5.771258473396301270e-02
7.268115878105163574e-02
8.749839663505554199e-02
1.022185981273651123e-01
1.168468892574310303e-01
1.313294470310211182e-01
1.455742418766021729e-01
1.594844162464141846e-01
1.730017364025115967e-01
1.861331164836883545e-01
1.989515721797943115e-01
2.115696966648101807e-01
2.240978181362152100e-01
2.366039454936981201e-01
2.490933835506439209e-01
2.615164220333099365e-01
2.737993299961090088e-01
2.858833968639373779e-01
2.977582514286041260e-01
3.094709217548370361e-01
3.211119472980499268e-01
3.327799141407012939e-01
3.445378839969635010e-01
3.563853800296783447e-01
3.682564795017242432e-01
3.800433576107025146e-01
3.916431367397308350e-01
4.029933512210845947e-01
4.140945971012115479e-01
4.250001013278961182e-01
4.357849657535552979e-01
4.465011060237884521e-01
4.571442306041717529e-01
4.676449596881866455e-01
4.778895080089569092e-01
4.877657592296600342e-01
4.972052872180938721e-01
5.062057375907897949e-01
5.148266553878784180e-01
5.231582522392272949e-01
5.312857627868652344e-01
5.392614603042602539e-01
5.470877289772033691e-01
5.547215938568115234e-01
5.621029734611511230e-01
5.691919922828674316e-01
5.760020017623901367e-01
5.826144218444824219e-01
5.891581773757934570e-01
5.957658290863037109e-01
6.025241017341613770e-01
6.094498038291931152e-01
6.164941787719726562e-01
6.235789656639099121e-01
6.306387186050415039e-01
6.376518607139587402e-01
6.446520686149597168e-01
6.517176628112792969e-01
6.589401364326477051e-01
6.663874387741088867e-01
6.740719079971313477e-01
6.819392442703247070e-01
6.898864507675170898e-01
6.978001594543457031e-01
7.056015729904174805e-01
7.132729291915893555e-01
7.208549976348876953e-01
7.284206151962280273e-01
7.360308170318603516e-01
7.437058091163635254e-01
7.514055967330932617e-01
7.590417861938476562e-01
7.665090560913085938e-01
7.737236022949218750e-01
7.806612253189086914e-01
7.873671054840087891e-01
7.939399480819702148e-01
8.004899024963378906e-01
8.070932626724243164e-01
8.137640953063964844e-01
8.204563856124877930e-01
8.270983695983886719e-01
8.336344957351684570e-01
8.400582075119018555e-01
8.464254140853881836e-01
8.528320789337158203e-01
8.593846559524536133e-01
8.661605119705200195e-01
8.731842041015625000e-01
8.804236650466918945e-01
8.878009319305419922e-01
8.952195644378662109e-01
9.026013612747192383e-01
9.099169969558715820e-01
9.171984195709228516e-01
9.245160818099975586e-01
9.319281578063964844e-01
9.394297599792480469e-01
9.469405412673950195e-01
9.543334245681762695e-01
9.614821672439575195e-01
9.682985544204711914e-01
9.747480154037475586e-01
9.808443784713745117e-01
9.866296052932739258e-01
9.921507835388183594e-01
9.974361658096313477e-01
1.002475380897521973e+00
1.007209539413452148e+00
1.011547446250915527e+00
1.015398144721984863e+00
1.018715739250183105e+00
1.021530747413635254e+00
1.023945808410644531e+00
1.026095032691955566e+00
1.028082132339477539e+00
1.029939651489257812e+00
1.031623125076293945e+00
1.033044815063476562e+00
1.034126162528991699e+00
1.034842729568481445e+00
1.035239338874816895e+00
1.035408616065979004e+00
1.035448193550109863e+00
1.035420060157775879e+00
1.035334825515747070e+00
1.035159111022949219e+00
1.034835696220397949e+00
1.034310102462768555e+00
1.033543229103088379e+00
1.032516598701477051e+00
1.031225800514221191e+00
1.029674291610717773e+00
1.027866721153259277e+00
1.025800943374633789e+00
1.023469209671020508e+00
1.020854592323303223e+00
1.017934322357177734e+00
1.014683604240417480e+00
1.011077165603637695e+00
1.007095098495483398e+00
1.002724289894104004e+00
9.979597330093383789e-01
9.928063154220581055e-01
9.872822761535644531e-01
9.814127683639526367e-01
9.752328395843505859e-01
9.687819480895996094e-01
9.621032476425170898e-01
9.552412033081054688e-01
9.482370615005493164e-01
9.411269426345825195e-01
9.339406490325927734e-01
9.267017841339111328e-01
9.194271564483642578e-01
9.121283292770385742e-01
9.048159122467041016e-01
8.975032567977905273e-01
8.902111053466796875e-01
8.829689025878906250e-01
8.758139610290527344e-01
8.687875270843505859e-01
8.619178533554077148e-01
8.552024364471435547e-01
8.485980033874511719e-01
8.420140743255615234e-01
8.353465795516967773e-01
8.285291194915771484e-01
8.215714693069458008e-01
8.145530223846435547e-01
8.075712919235229492e-01
8.006825447082519531e-01
7.938693761825561523e-01
7.870497703552246094e-01
7.801110744476318359e-01
7.729613780975341797e-01
7.655613422393798828e-01
7.579365968704223633e-01
7.501665353775024414e-01
7.423505783081054688e-01
7.345765829086303711e-01
7.268873453140258789e-01
7.192718982696533203e-01
7.116758823394775391e-01
7.040297985076904297e-01
6.962896585464477539e-01
6.884679794311523438e-01
6.806401014328002930e-01
6.729208230972290039e-01
6.654171943664550781e-01
6.581866741180419922e-01
6.512148380279541016e-01
6.444263458251953125e-01
6.377201080322265625e-01
6.310122013092041016e-01
6.242667436599731445e-01
6.175030469894409180e-01
6.107804775238037109e-01
6.041617393493652344e-01
5.976760387420654297e-01
5.912950038909912109e-01
5.849282741546630859e-01
5.784505605697631836e-01
5.717402696609497070e-01
5.647205114364624023e-01
5.573785305023193359e-01
5.497593879699707031e-01
5.419374704360961914e-01
5.339714288711547852e-01
5.258722305297851562e-01
5.175881385803222656e-01
5.090262889862060547e-01
5.000900030136108398e-01
4.907176792621612549e-01
4.809162914752960205e-01
4.707548320293426514e-01
4.603438377380371094e-01
4.497928917407989502e-01
4.391709864139556885e-01
4.284835159778594971e-01
4.176796078681945801e-01
4.066889584064483643e-01
3.954621851444244385e-01
3.839994072914123535e-01
3.723558783531188965e-01
3.606229424476623535e-01
3.488979935646057129e-01
3.372457325458526611e-01
3.256748616695404053e-01
3.141298294067382812e-01
3.025112748146057129e-01
2.907159924507141113e-01
2.786783277988433838e-01
2.664002478122711182e-01
2.539413869380950928e-01
2.413823604583740234e-01
2.287744581699371338e-01
2.161122560501098633e-01
2.033318281173706055e-01
1.903368532657623291e-01
1.770319044589996338e-01
1.633547842502593994e-01
1.493008434772491455e-01
1.349319815635681152e-01
1.203575134277343750e-01
1.056874394416809082e-01
9.097948670387268066e-02
7.621768116950988770e-02
6.133756041526794434e-02
4.627409577369689941e-02
3.099408745765686035e-02
1.550891995429992676e-02
-1.168549060821533203e-04
