-1.112646460533144172e-01
-1.090022802876660923e-01
-1.074082699674578645e-01
-1.059922313450924886e-01
-1.043688381602705800e-01
-1.022861486347727278e-01
-9.963148261442338061e-02
-9.642724164828329891e-02
-9.280693298571451866e-02
-8.897814030733491864e-02
-8.517382863102578028e-02
-8.161438855525460223e-02
-7.846313658964645943e-02
-7.580746601250847039e-02
-7.365015993598618416e-02
-7.191311084343823823e-02
-7.046285575663698009e-02
-6.913507548496315713e-02
-6.776439502482881072e-02
-6.620957917505655710e-02
-6.437330022395455764e-02
-6.220549123567852001e-02
-5.970991759216452699e-02
-5.693215962794993812e-02
-5.394970964487801751e-02
-5.085636597614515142e-02
-4.774735323950646260e-02
-4.470874273511115521e-02
-4.180891397392087760e-02
-3.909591488763772271e-02
-3.659975934365261585e-02
-3.433676459477080778e-02
-3.231408569750157667e-02
-3.053402376830582909e-02
-2.899060661332528155e-02
-2.767206672384620036e-02
-2.655721164090962816e-02
-2.560790080693875481e-02
-2.477300104664076352e-02
-2.399095091034536553e-02
-2.319048037515369920e-02
-2.230330657082257861e-02
-2.126929816819345120e-02
-2.004442611964979415e-02
-1.861000845131555170e-02
-1.697734023960983940e-02
-1.518263342440129282e-02
-1.328855918561172578e-02
-1.136873817416683696e-02
-9.506911207557700028e-03
-7.774710626289649262e-03
-6.229230678087560591e-03
-4.905053641121259744e-03
-3.807784270010494687e-03
-2.923732608850038162e-03
-2.219034194650748582e-03
-1.649644901286495546e-03
-1.172027216549631490e-03
-7.467875864997086666e-04
-3.391415396216679312e-04
8.081904102907877530e-05
5.460266599487395567e-04
1.092346285007650408e-03
1.764580580612351568e-03
2.608788194146338668e-03
3.667419534847615736e-03
4.967145817741269731e-03
6.507701384119490839e-03
8.256423426726167136e-03
1.014897451903651326e-02
1.209457297113858409e-02
1.399342464939357100e-02
1.575177624938550736e-02
1.729970819978132734e-02
1.860110031483219739e-02
1.965720657106173608e-02
2.049930664453425422e-02
2.117686327234491461e-02
2.174469292551628463e-02
2.224821654102804303e-02
2.271824250052600913e-02
2.317184748470091371e-02
2.361772664226036156e-02
2.406328257455259134e-02
2.452320315994627187e-02
2.502138137527942785e-02
2.559122056995200012e-02
2.626936967228699071e-02
2.708483462262689656e-02
2.805330975251951742e-02
2.916535263040564985e-02
3.038747804433383770e-02
3.165977375844675201e-02
3.290334652241910796e-02
3.403313559613829753e-02
3.496480517929345666e-02
3.563371151214145272e-02
3.599751908803106026e-02
3.604802762429937246e-02
3.581035934991039227e-02
3.533745849902203418e-02
3.470353017306804233e-02
3.399135807466580061e-02
3.327939719543482333e-02
3.263070436296389154e-02
3.208705220923913082e-02
3.166734924186664912e-02
3.137226740430154592e-02
3.119472182045024411e-02
3.112583967730975232e-02
3.116328190189809888e-02
3.131003583293590076e-02
3.156694900546352933e-02
3.192392850579617303e-02
3.234964630068271063e-02
3.278957398631465736e-02
3.316490793987325603e-02
3.338422722206391136e-02
3.336415210693033373e-02
3.304571977947734496e-02
3.241669030729621426e-02
3.151718383754942288e-02
3.044282699327505171e-02
2.932597525793734228e-02
2.831575994881196934e-02
2.754186326978991239e-02
2.709133943770325459e-02
2.698664402016559549e-02
2.719146013259865491e-02
2.762267930152517703e-02
2.817832106032658324e-02
2.876747909950516657e-02
2.933595158338919706e-02
2.986747777243281554e-02
3.037988714916994848e-02
3.090525837392332775e-02
3.146847625197157772e-02
3.206751708116128974e-02
3.266873768146227874e-02
3.320871043113404752e-02
3.361118528146711526e-02
3.380784593612218281e-02
3.376016909777457276e-02
3.347626821561422439e-02
3.301158404144521885e-02
3.246494865975535493e-02
3.195408957576306719e-02
3.159138744575507030e-02
3.145731312927602108e-02
3.158187488452934844e-02
3.194651034965378944e-02
3.248775891879818190e-02
3.312385368668935293e-02
3.377032704093718696e-02
3.436025448088386725e-02
3.484863498845669483e-02
3.521389580119338447e-02
3.544706119994056603e-02
3.554587836045564053e-02
3.550976429110919153e-02
3.533443659072399434e-02
3.501892971403630650e-02
3.456025209647628493e-02
3.396080216518748696e-02
3.322967302692203528e-02
3.237908878440065585e-02
3.142497863864623930e-02
3.038721359255669441e-02
2.928799230711542911e-02
2.815553627834088690e-02
2.702315700269541932e-02
2.593322578824297509e-02
2.493675007118889564e-02
2.408713373393944757e-02
2.343510412113092301e-02
2.301793056070478016e-02
2.284656193854928130e-02
2.290180645608519416e-02
2.312186998501208901e-02
2.341634859768226828e-02
2.367026814994621642e-02
2.376312602698504861e-02
2.359514954210983895e-02
2.310510306275492809e-02
2.228878379640097940e-02
2.120395153952492340e-02
1.996359150026538742e-02
1.871118969191398751e-02
1.759364317827250002e-02
1.672338405589024468e-02
1.615152465138502969e-02
1.586122617668006551e-02
1.577336806246298906e-02
1.578018794405922076e-02
1.577829063251612318e-02
1.570302799010059314e-02
1.554229056221823058e-02
1.533567999251772562e-02
1.515089033746785940e-02
1.505542273047699720e-02
1.509027263867279700e-02
1.525064828536237815e-02
1.548413419094107901e-02
1.570338506877411167e-02
1.581036743326980076e-02
1.572165026473271165e-02
1.539330503272040573e-02
1.483411061749706494e-02
1.410242206310263757e-02
1.329095779026412405e-02
1.249823433598562517e-02
1.180191872368385742e-02
1.123104706969269007e-02
1.076448695182241622e-02
1.033648750981119857e-02
9.869097684939931447e-03
9.296503618213991516e-03
8.594585995923886834e-03
7.784710934925609394e-03
6.927492218100406163e-03
6.099902678567192815e-03
5.365168909934880936e-03
4.756616562239690538e-03
4.261674218160926841e-03
3.839171195656243540e-03
3.431251718721939348e-03
2.991056359247235008e-03
2.506466075594238063e-03
2.003005600280438614e-03
1.544196082006954462e-03
1.197533999905187052e-03
1.008470474739064926e-03
9.740826741576613657e-04
1.043803546218691203e-03
1.142279446715965818e-03
1.215184162969507042e-03
1.259487056849861730e-03
1.307785120096438547e-03
1.359972739233938910e-03
1.324634757980946986e-03
1.068025526656413149e-03
5.678097922025004962e-04
-7.958932640111937573e-05
-8.869767280328400005e-04
-1.897411463130993514e-03
-2.904447459362635708e-03
-3.844833520895873935e-03
-4.722831323923704083e-03
-5.351875363495295357e-03
-5.890742286341288381e-03
-6.318327716759053470e-03
-6.718678122993260171e-03
-7.158369833148270356e-03
-7.552026576206294362e-03
-7.886247092553033688e-03
-8.217257391077530115e-03
-8.544743061065673828e-03
-8.827882875340926916e-03
-9.145064896277532718e-03
-9.551049404933842357e-03
-9.997873491131514800e-03
-1.042254483080312655e-02
-1.082384891135373950e-02
-1.123593713412990303e-02
-1.167705243954425542e-02
-1.214993230980432326e-02
-1.264175161933239755e-02
-1.313861951909195414e-02
-1.362661826861949477e-02
-1.409643887560485531e-02
-1.454011873481714234e-02
-1.495422527376988331e-02
-1.534941762412955768e-02
-1.574365398024046847e-02
-1.616224982739922211e-02
-1.662552317627929988e-02
-1.714281358730640470e-02
-1.770445151221267110e-02
-1.829011851608242090e-02
-1.887220844963055644e-02
-1.942845555700067894e-02
-1.994862121250151610e-02
-2.044011870525797026e-02
-2.092315621460583142e-02
-2.142351017028776283e-02
-2.195760743301611306e-02
-2.252659789367106313e-02
-2.311210937710816982e-02
-2.367661025586742518e-02
-2.417677813051444247e-02
-2.457933327519135069e-02
-2.486661658754718562e-02
-2.504660992725493696e-02
-2.515232761391339444e-02
-2.522657971696906642e-02
-2.531839762235821301e-02
-2.546426351353869855e-02
-2.568513057144505840e-02
-2.598103783329752670e-02
-2.633500830649770919e-02
-2.672253266539581507e-02
-2.711506722221901367e-02
-2.749261719426199235e-02
-2.784104762638472952e-02
-2.816136962627402429e-02
-2.845961320386181104e-02
-2.874367257880194870e-02
-2.901443972396122728e-02
-2.926057275935012303e-02
-2.945769329249847690e-02
-2.957336091365836417e-02
-2.957370402953352073e-02
-2.943818351971527747e-02
-2.916574949744477063e-02
-2.878157852792806448e-02
-2.833426092513491312e-02
-2.788510119301657042e-02
-2.749938323759815173e-02
-2.723245561435816420e-02
-2.712080607760414264e-02
-2.717734593340415117e-02
-2.738930091804359090e-02
-2.772412406239577187e-02
-2.813552776316563531e-02
-2.857126902513529298e-02
-2.898798412550773751e-02
-2.935358802889076468e-02
-2.965302914572609527e-02
-2.988468051728732089e-02
-3.005929617798930309e-02
-3.018825771929511959e-02
-3.027886737525165017e-02
-3.032953748283195861e-02
-3.033012976375892844e-02
-3.026882452144974422e-02
-3.013256512307738166e-02
-2.992330220344185943e-02
-2.965812640726239735e-02
-2.937029622928521988e-02
-2.910870584697644592e-02
-2.892549289955803626e-02
-2.887399975217119774e-02
-2.899022948957286072e-02
-2.929243527278657666e-02
-2.977245885984980411e-02
-3.040235317232942158e-02
-3.112790908908569243e-02
-3.188425102347536289e-02
-3.260012876880480359e-02
-3.320680340877879555e-02
-3.364520158988504317e-02
-3.387237476713689244e-02
-3.386363237624712141e-02
-3.361397895938311731e-02
-3.313665861863379636e-02
-3.245824589232348956e-02
-3.161639786112957484e-02
-3.065604427495594031e-02
-2.962561912779559936e-02
-2.858436531760966126e-02
-2.759516525590322011e-02
-2.672172479251599952e-02
-2.602300075187546913e-02
-2.553963283435900511e-02
-2.528215272125600155e-02
-2.522084301216198643e-02
-2.528480666255472631e-02
-2.537247276864229573e-02
-2.537038779052958049e-02
-2.517584459348320980e-02
-2.472136313616557501e-02
-2.398750387221837421e-02
-2.300680372018737430e-02
-2.185342955497437956e-02
-2.063134125049359557e-02
-1.944051150407388739e-02
-1.836236854018014064e-02
-1.744140358418921899e-02
-1.667904429180933068e-02
-1.604206120749096520e-02
-1.548168637037705686e-02
-1.495541397499278169e-02
-1.444958322921086058e-02
-1.399121625068178165e-02
-1.363748311996437756e-02
-1.346950267800361978e-02
-1.355440935347473896e-02
-1.392434770582551273e-02
-1.455948477180935008e-02
-1.538444884497391918e-02
-1.628410125474921699e-02
-1.712743049587484023e-02
-1.779638619962997659e-02
-1.820845476482890746e-02
-1.832971492736468200e-02
-1.817693657264984886e-02
-1.780502939983463762e-02
-1.729355843760860267e-02
-1.672107002199618719e-02
-1.615492368401905132e-02
-1.563796531710925919e-02
-1.519055569987926013e-02
-1.481563518864170703e-02
-1.451044889972119556e-02
-1.427916205177348630e-02
-1.413531939099588186e-02
-1.410519828666645381e-02
-1.421614919410219002e-02
-1.448800416765139154e-02
-1.492116660461473288e-02
-1.548697689485645235e-02
-1.612881551242328904e-02
-1.676822746569728295e-02
-1.731360756463184991e-02
-1.767835294168307314e-02
-1.778949220204473214e-02
-1.759901493316085030e-02
-1.709247165268212854e-02
-1.629050177655733123e-02
-1.524511287984098296e-02
-1.403253453115183014e-02
-1.274283426076450176e-02
-1.146539573648475141e-02
-1.027842982011595296e-02
-9.238727139716740311e-03
-8.377843450058319874e-03
-7.699932766302097775e-03
-7.186360356297272212e-03
-6.805364872592756242e-03
-6.520443524258956458e-03
-6.296616870531845933e-03
-6.104415081136460586e-03
-5.921295974952278662e-03
-5.723424823498746150e-03
-5.483353737894769431e-03
-5.162942965185490785e-03
-4.716592754459569825e-03
-4.094493424852019281e-03
-3.252248634075805001e-03
-2.168830704969315626e-03
-8.503766369581944318e-04
6.582911060690754823e-04
2.282305767264736218e-03
3.925887484289902751e-03
5.488169239899809426e-03
6.881945622868812507e-03
8.045799834266786910e-03
8.954817670657866380e-03
9.617435751471337113e-03
1.006795468626364709e-02
1.035812320885831639e-02
1.054294066335470514e-02
1.067251452754391927e-02
1.078658407120736129e-02
1.091659168272163249e-02
1.108928643285822524e-02
1.133170418931084278e-02
1.167423820466051421e-02
1.215518078237209920e-02
1.281231756087353180e-02
1.367253925971345652e-02
1.475114516020425981e-02
1.603925225226698892e-02
1.749905960691072737e-02
1.907406902286068462e-02
2.068680690442276093e-02
2.225508215487004282e-02
2.370515491398672570e-02
2.498150655922570795e-02
2.605394521983867007e-02
2.692136821366464261e-02
2.761062335091341025e-02
2.816925635324207811e-02
2.865489515473096382e-02
2.913415369556654477e-02
2.966971892980252434e-02
3.031766867978802349e-02
3.112752679540992107e-02
3.213904315965007696e-02
3.338193369567399316e-02
3.488030407366002339e-02
3.664739825413360075e-02
3.868830609658346908e-02
4.099420361444436334e-02
4.354328992759611688e-02
4.629196130963508099e-02
4.918334834143517353e-02
5.213953476886933058e-02
5.507182668741952142e-02
5.788762208369893636e-02
6.049741415893698793e-02
6.283151881975487796e-02
6.484966054499947952e-02
6.654956406885539910e-02
6.797938897853364471e-02
6.923062173053817769e-02
7.043764299189698985e-02
7.175760232521924409e-02
7.334939489844934102e-02
7.534761617806633172e-02
7.783251944792293764e-02
8.081115636226143817e-02
8.420888903675678716e-02
8.787497754183198895e-02
9.160500532381876670e-02
9.517810710772543759e-02
9.839790488615164643e-02
1.011368518742140621e-01
1.033765400340498769e-01
1.052282190083622115e-01
1.069429961103411653e-01
1.089010716008379231e-01
1.115878224372865851e-01
