1.269284725189208762e+00
1.249425065465050055e+00
1.230353787813761590e+00
1.212847616696441921e+00
1.197564629227882538e+00
1.185002219113487687e+00
1.175461297975634034e+00
1.169032415067109865e+00
1.165596725881167917e+00
1.164845736073585547e+00
1.166316406697648578e+00
1.169439123541150316e+00
1.173592925631880668e+00
1.178167150515048833e+00
1.182617149252856548e+00
1.186517370113592929e+00
1.189600315630081839e+00
1.191784674251822773e+00
1.193181223127789625e+00
1.194084560210166845e+00
1.194949045032850821e+00
1.196346642801339399e+00
1.198916126204374821e+00
1.203305355344736816e+00
1.210109655150806818e+00
1.219818637552449792e+00
1.232764324025660718e+00
1.249089882734096602e+00
1.268727887841112123e+00
1.291398190928249701e+00
1.316624935385198647e+00
1.343767504909776367e+00
1.372067964339882540e+00
1.400704806321263263e+00
1.428854842834306638e+00
1.455754504168487840e+00
1.480755622621938272e+00
1.503370148948157681e+00
1.523304343847768472e+00
1.540472485693200833e+00
1.554995733595030627e+00
1.567184126862710247e+00
1.577498101619709381e+00
1.586504300439035564e+00
1.594817094114449940e+00
1.603039413433943627e+00
1.611705582117438418e+00
1.621227620376003209e+00
1.631858541012082053e+00
1.643663018773674045e+00
1.656511008768394078e+00
1.670085182869428309e+00
1.683909049962241777e+00
1.697383641053475944e+00
1.709843212753241026e+00
1.720610248089132099e+00
1.729057225654591079e+00
1.734661498441104177e+00
1.737055419883440477e+00
1.736059197731923742e+00
1.731702084452406032e+00
1.724223244620306517e+00
1.714058132742069418e+00
1.701803848120590379e+00
1.688175869168725196e+00
1.673950975519344686e+00
1.659905724423393014e+00
1.646757728563837508e+00
1.635109412623503511e+00
1.625399681191705081e+00
1.617876604984078037e+00
1.612577301736032975e+00
1.609332677872157724e+00
1.607785996270460149e+00
1.607428591121411898e+00
1.607648623025376811e+00
1.607784527267550612e+00
1.607187855799352860e+00
1.605280006531778492e+00
1.601605184943890592e+00
1.595869711731177976e+00
1.587966447494619127e+00
1.577987057048449326e+00
1.566210561360258158e+00
1.553075973774570295e+00
1.539149887558903806e+00
1.525063838672979344e+00
1.511465423654068108e+00
1.498954243706946965e+00
1.488024916483934312e+00
1.479021693515568003e+00
1.472101466825309179e+00
1.467215768269097387e+00
1.464107248290149821e+00
1.462325946513038932e+00
1.461261694961245361e+00
1.460186569387965427e+00
1.458319017482043511e+00
1.454874920596291865e+00
1.449132226935092582e+00
1.440490509517736939e+00
1.428510956268076892e+00
1.412948763761044280e+00
1.393775337046242013e+00
1.371167518218135095e+00
1.345494190199236995e+00
1.317276132606162609e+00
1.287143680849774263e+00
1.255776455166435657e+00
1.223842184868311644e+00
1.191944233282627774e+00
1.160564749487454028e+00
1.130024300332405973e+00
1.100461089259999969e+00
1.071816101879486727e+00
1.043846041877054098e+00
1.016146604664764919e+00
9.881928051172284011e-01
9.593927613827482048e-01
9.291426049837925305e-01
8.968889603191980697e-01
8.621836066814825283e-01
8.247300913403514677e-01
7.844236028977078501e-01
7.413639796295981022e-01
6.958628171157676956e-01
6.484252365515033034e-01
5.997168872261897654e-01
5.505219101905820533e-01
5.016816650116692200e-01
4.540398585168390344e-01
4.083755737917353912e-01
3.653517720866240603e-01
3.254690841414513702e-01
2.890295939896850852e-01
2.561267730757665895e-01
2.266420378250001422e-01
2.002694404515226179e-01
1.765472572165269760e-01
1.549057786455505514e-01
1.347252795388218516e-01
1.153959950068619289e-01
9.637252385317618408e-02
7.723072664304342361e-02
5.770489430221792393e-02
3.771272039971507173e-02
1.736632960414441484e-02
-3.038732354812556657e-03
-2.304720061126352970e-02
-4.208469768627143281e-02
-5.951210829124586876e-02
-7.467948503872134935e-02
-8.698785018599131114e-02
-9.594684415123200250e-02
-1.012208216642882519e-01
-1.026626183684768989e-01
-1.003373184169462640e-01
-9.451943622132408240e-02
-8.568049197416960361e-02
-7.445627536648358191e-02
-6.159934550995349589e-02
-4.792486739747492397e-02
-3.424937639015701585e-02
-2.132912197955738609e-02
-9.805178524133872919e-03
-1.568218219836214899e-04
7.330397034642333054e-03
1.258056438448784675e-02
1.572376329557978458e-02
1.708051644191510565e-02
1.712282550550303650e-02
1.642795387662188134e-02
1.562137855782219642e-02
1.531970771999291436e-02
1.606892370120904801e-02
1.829569297372968251e-02
2.226434376838326568e-02
2.805474720620726448e-02
3.555021328106311440e-02
4.444927801815345969e-02
5.428857812461662657e-02
6.448555577933490213e-02
7.438772442461716317e-02
8.333243756211405895e-02
9.070794225511069619e-02
9.600521773291481598e-02
9.887084285829761399e-02
9.913883632887687813e-02
9.685065459184671877e-02
9.225814500788609429e-02
8.580700265202589883e-02
7.810403213447425497e-02
6.987245100924033281e-02
6.189439425814613482e-02
5.495016515567896498e-02
4.975945308470508532e-02
4.691930806023458800e-02
4.686451052077700297e-02
4.983179329538411917e-02
5.584228510382904798e-02
6.470535776364227942e-02
7.603683593413557151e-02
8.929179095592520987e-02
1.038132955569027738e-01
1.188881963173945566e-01
1.338032199363635710e-01
1.479062916927240678e-01
1.606529401539350532e-01
1.716491211101912606e-01
1.806762975272026006e-01
1.877003656073479299e-01
1.928621136928611035e-01
1.964571298715115377e-01
1.988943888378087443e-01
2.006528665800931810e-01
2.022277703038058982e-01
2.040798335818980735e-01
2.065882221272105079e-01
2.100143895657544668e-01
2.144799252320164218e-01
2.199585071097195366e-01
2.262831686543501641e-01
2.331715693172140558e-01
2.402579801606963272e-01
2.471344831234516537e-01
2.533925086996179354e-01
2.586621998910465514e-01
2.626453353611777342e-01
2.651339684489437687e-01
2.660252637394776576e-01
2.653187684168668570e-01
2.631074981084060571e-01
2.595613834515929641e-01
2.549052904579923728e-01
2.493919294482418447e-01
2.432754878510188234e-01
2.367843798638566977e-01
2.300961609745886260e-01
2.233174178838872592e-01
2.164696266326757712e-01
2.094841298433678389e-01
2.022077153641400615e-01
1.944203354525371741e-01
1.858633756546270721e-01
1.762794535185203126e-01
1.654534463652146958e-01
1.532563655099802857e-01
1.396799855677465230e-01
1.248519975555873462e-01
1.090304848111700031e-01
9.256692535502591968e-02
7.584580993032857821e-02
5.920635063060447623e-02
4.286767654974737995e-02
2.687714124315176978e-02
1.110604690446232584e-02
-4.705086350440979004e-03
-2.085873769654606608e-02
-3.759382540576849951e-02
-5.499902480204382771e-02
-7.296407122024223257e-02
-9.119032537317678377e-02
-1.092421591959683025e-01
-1.266271170533727619e-01
-1.428834754837489673e-01
-1.576515161244252949e-01
-1.707179336271220094e-01
-1.820350711115373277e-01
-1.917111556555137208e-01
-1.999778300432455413e-01
-2.071495629954143713e-01
-2.135747532564816753e-01
-2.195892032953636885e-01
-2.254761864814611716e-01
-2.314375374555730502e-01
-2.375732060337927276e-01
-2.438772729874834067e-01
-2.502393369187068117e-01
-2.564604442721554189e-01
-2.622719477150724510e-01
-2.673636314526915969e-01
-2.714126304974746606e-01
-2.741179041018338980e-01
-2.752313203343262904e-01
-2.745870266917416203e-01
-2.721259309498618162e-01
-2.679092048768558776e-01
-2.621225626012902987e-01
-2.550642850643696224e-01
-2.471238987970183487e-01
-2.387440075572653253e-01
-2.303783653782881524e-01
-2.224433651457607963e-01
-2.152734418679111972e-01
-2.090830669911389883e-01
-2.039404049923533302e-01
-1.997597485332225364e-01
-1.963060488453708397e-01
-1.932195713301542161e-01
-1.900510265064183635e-01
-1.863126577493191549e-01
-1.815262639308982129e-01
-1.752800689383415822e-01
-1.672753256377067510e-01
-1.573634970829390634e-01
-1.455718325375104927e-01
-1.321105243854425737e-01
-1.173656298141406706e-01
-1.018723815362055918e-01
-8.627659578502167026e-02
-7.128272437419913565e-02
-5.759903314254011253e-02
-4.587517759549042395e-02
-3.665066236975922376e-02
-3.030435799264974417e-02
-2.702277992614199320e-02
-2.678038870674948058e-02
-2.933759048247119861e-02
-3.425650537326929701e-02
-4.093644748080238482e-02
-4.865623730608481523e-02
-5.663312778419349325e-02
-6.408259974751540078e-02
-7.028125682810704156e-02
-7.462002943925882814e-02
-7.665161318053093087e-02
-7.612433950517860648e-02
-7.299514264059914215e-02
-6.742928863343722323e-02
-5.978073506272441051e-02
-5.055588009478340084e-02
-4.036874164282977517e-02
-2.988035687980461486e-02
-1.974243750301674094e-02
-1.053789896145218563e-02
-2.729985338684071117e-03
3.378885716174839793e-03
7.673931545618462025e-03
1.023246027095892074e-02
1.132100549488146424e-02
1.136450515494635827e-02
1.091072972857221046e-02
1.057372438692250061e-02
1.097986020221952685e-02
1.270622175080693417e-02
1.622492992398405498e-02
2.185489807033813570e-02
2.972728214150266446e-02
3.976515519725964953e-02
5.168272772678028648e-02
6.500012788551778886e-02
7.907646012895075405e-02
9.315416366333417741e-02
1.064171203600748905e-01
1.180496287844728931e-01
1.272980569412336393e-01
1.335261383022005033e-01
1.362629487212598800e-01
1.352318876242185608e-01
1.303689437415334051e-01
1.218192548719654322e-01
1.099183470763804849e-01
9.515652033195631798e-02
7.813138147457043825e-02
5.949174540343882267e-02
3.987744266288684170e-02
1.986153942966939479e-02
-1.030836161154402575e-04
-1.971819853576883830e-02
-3.887537614865899105e-02
-5.765662486254496955e-02
-7.632813058883214374e-02
-9.531701299447936648e-02
-1.151668851366394186e-01
-1.364894192534232831e-01
-1.599060094746549421e-01
-1.859861268562201797e-01
-2.151919719740817971e-01
-2.478325920556337936e-01
-2.840258554198322738e-01
-3.236796615290684631e-01
-3.664928204195423422e-01
-4.119645821420221399e-01
-4.594358001435040473e-01
-5.081248283386228248e-01
-5.571917149926093327e-01
-6.057932527944842604e-01
-6.531491749954068116e-01
-6.985911500969741450e-01
-7.416166795082734797e-01
-7.819152405331610822e-01
-8.193859816166328969e-01
-8.541358599239952110e-01
-8.864613877901890149e-01
-9.168112031552089203e-01
-9.457379216609982375e-01
-9.738472595290765810e-01
-1.001730293948434714e+00
-1.029911801428208040e+00
-1.058795833236593209e+00
-1.088627354617455634e+00
-1.119462608345562549e+00
-1.151164761885228316e+00
-1.183412771549676945e+00
-1.215722759726143298e+00
-1.247493002215130709e+00
-1.278051120542182506e+00
-1.306720027668337725e+00
-1.332869000752543664e+00
-1.355973326271629809e+00
-1.375664300117016792e+00
-1.391764007310633433e+00
-1.404300923593588823e+00
-1.413516752949420363e+00
-1.419849323977640410e+00
-1.423900062036753900e+00
-1.426387159521631309e+00
-1.428092425399477783e+00
-1.429799632254462605e+00
-1.432232830031482829e+00
-1.436000756195580541e+00
-1.441552894285025976e+00
-1.449144388484745249e+00
-1.458823170496995836e+00
-1.470430202531104680e+00
-1.483621173451889375e+00
-1.497899975490911473e+00
-1.512664504048313763e+00
-1.527267937447208235e+00
-1.541075103844540939e+00
-1.553522569018969346e+00
-1.564166014812581773e+00
-1.572727850769263913e+00
-1.579115637214398404e+00
-1.583435500268046248e+00
-1.585979331095373368e+00
-1.587204414333438951e+00
-1.587687027490098490e+00
-1.588075797427868530e+00
-1.589031215977949163e+00
-1.591165957005000298e+00
-1.594987375016367448e+00
-1.600852326343330967e+00
-1.608929427724145267e+00
-1.619181144190886323e+00
-1.631359285818628990e+00
-1.645025544064506295e+00
-1.659576898199245587e+00
-1.674295973958459083e+00
-1.688405498835464869e+00
-1.701129110429905111e+00
-1.711751211119634686e+00
-1.719674463183179958e+00
-1.724464663811635656e+00
-1.725881456336687547e+00
-1.723896184338931326e+00
-1.718688401649464792e+00
-1.710626946926412373e+00
-1.700233394294684786e+00
-1.688135741997994987e+00
-1.675011268590170577e+00
-1.661527744019025477e+00
-1.648281872301413431e+00
-1.635751932691215549e+00
-1.624255372524533225e+00
-1.613921163810146275e+00
-1.604686062311530215e+00
-1.596297651272689411e+00
-1.588342599180367909e+00
-1.580288012826120747e+00
-1.571530484584797271e+00
-1.561456358918373644e+00
-1.549498993253844104e+00
-1.535197474630577874e+00
-1.518243194250600503e+00
-1.498514635375464810e+00
-1.476097400423452832e+00
-1.451286301577545457e+00
-1.424569030456377838e+00
-1.396593516343235919e+00
-1.368124401832254255e+00
-1.339985113361619629e+00
-1.312996085401982205e+00
-1.287917160464077337e+00
-1.265387643547898344e+00
-1.245884464147365644e+00
-1.229688128308802808e+00
-1.216864869775960978e+00
-1.207273308524525079e+00
-1.200580827032054154e+00
-1.196298409415129216e+00
-1.193830253908211514e+00
-1.192529454082838614e+00
-1.191756164366660986e+00
-1.190939969274945387e+00
-1.189626151645926555e+00
-1.187519994318131156e+00
-1.184510600933295077e+00
-1.180680594344104328e+00
-1.176296637552707525e+00
-1.171784639918684645e+00
-1.167689250379834398e+00
-1.164621846646684444e+00
-1.163202912854286231e+00
-1.164002063214847116e+00
-1.167483051930818361e+00
-1.173954015718554178e+00
-1.183534037503379821e+00
-1.196132806451088104e+00
-1.211449291730010591e+00
-1.228986934099772332e+00
-1.248086464352683889e+00
-1.267972469329833762e+00
