-2.952739596366712755e-03
-2.907444303478074615e-03
-2.881509011609349746e-03
-2.945397632561977397e-03
-3.106604521850284129e-03
-3.311654377907355395e-03
-3.478610005764229407e-03
-3.535654592804790552e-03
-3.459926184461017962e-03
-3.288568204101949277e-03
-3.104453962900710629e-03
-3.004586047509749669e-03
-3.052761037579093673e-03
-3.255425309294013303e-03
-3.556713810204670256e-03
-3.860908785066563542e-03
-4.074877298916590451e-03
-4.146341667034314504e-03
-4.086188855600469960e-03
-3.962802366096807027e-03
-3.870728709185422556e-03
-3.890015970725468897e-03
-4.048978726359175884e-03
-4.314141200897458894e-03
-4.603517121537281653e-03
-4.825038169872508664e-03
-4.913140181591169053e-03
-4.863609172244376389e-03
-4.731668912805631066e-03
-4.607323178223932114e-03
-4.580283219045078180e-03
-4.694546952616396318e-03
-4.931560014625746557e-03
-5.217986254162421123e-03
-5.455306306477447631e-03
-5.563597195997693756e-03
-5.513818328865716101e-03
-5.343859137485307276e-03
-5.137015200232741829e-03
-4.989881290962117077e-03
-4.965890190818833538e-03
-5.070931418231228172e-03
-5.252605840691093597e-03
-5.419157732466373112e-03
-5.486025428218632705e-03
-5.409306787420908869e-03
-5.210079077632934208e-03
-4.961057970825910601e-03
-4.757910574344159649e-03
-4.677934395682425972e-03
-4.742149868877332253e-03
-4.910204882723756548e-03
-5.094121902993631323e-03
-5.197756899209204917e-03
-5.157930268772981108e-03
-4.972154095328473744e-03
-4.697490191665210091e-03
-4.427263209142884293e-03
-4.249301334378507988e-03
-4.207312783356620400e-03
-4.281520974989128092e-03
-4.400082496305968149e-03
-4.468524916690808091e-03
-4.414126073066459988e-03
-4.216288013922930844e-03
-3.918564605330132622e-03
-3.607533543859231528e-03
-3.377376242351126656e-03
-3.286994831378287074e-03
-3.334774004814078374e-03
-3.460795482909784226e-03
-3.569091578718541768e-03
-3.572531404089418494e-03
-3.431127712618442516e-03
-3.165703008402909191e-03
-2.852978678688278258e-03
-2.589438317680214929e-03
-2.449633194355871346e-03
-2.454003266740722999e-03
-2.560002436550745664e-03
-2.681851712513338981e-03
-2.726402190052490404e-03
-2.638995930442700200e-03
-2.421998670600222781e-03
-2.137665503638030984e-03
-1.881278728873558848e-03
-1.736383647500838734e-03
-1.740591924932033407e-03
-1.868242149846488509e-03
-2.039886248009770142e-03
-2.158644075831328557e-03
-2.151707036329941758e-03
-2.001023848137051253e-03
-1.750910167380270721e-03
-1.490488261443045914e-03
-1.311877945961548164e-03
-1.271037548967957065e-03
-1.363411837670525095e-03
-1.526305226731805575e-03
-1.665778664974415513e-03
-1.698870921210460239e-03
-1.590452242915985082e-03
-1.368973617045354807e-03
-1.114059725310312388e-03
-9.224178909152946915e-04
-8.642724266912926723e-04
-9.543778932895596867e-04
-1.144330550020944415e-03
-1.344154116863283122e-03
-1.461842918058287033e-03
-1.441079938578115893e-03
-1.289469588816594126e-03
-1.071332121947543570e-03
-8.804269466964331770e-04
-7.973870228792367953e-04
-8.560395580501367618e-04
-1.026032809370525101e-03
-1.226697240704899272e-03
-1.362027918526687031e-03
-1.363378856197527966e-03
-1.218598509180823797e-03
-9.777420826975191659e-04
-7.320038191025446395e-04
-5.725646564593844801e-04
-5.517937860690658169e-04
-6.605727769084523970e-04
-8.312108844228394133e-04
-9.684169052130986444e-04
-9.924740524220876381e-04
-8.699500320441533319e-04
-6.340387195058472258e-04
-3.656489945598195845e-04
-1.611449442111556607e-04
-8.881335946231416756e-05
-1.586071363632868270e-04
-3.197068043772066659e-04
-4.817658904676669351e-04
-5.565703845178404663e-04
-4.937074534387964064e-04
-3.054478510564617721e-04
-6.306016837931416319e-05
1.391195911197851132e-04
2.213755656217397672e-04
1.534752215774926043e-04
-2.801241979910606972e-05
-2.401894221906175630e-04
-3.863161446329144155e-04
-3.988536831340816491e-04
-2.697207901422027376e-04
-5.058531839263746832e-05
1.673815213831808535e-04
2.961107977959009929e-04
2.881524444728889023e-04
1.593339056709108803e-04
-2.023971506781574448e-05
-1.545763502769359476e-04
-1.654818297187610199e-04
-2.522042217656395025e-05
2.303628640885069245e-04
5.155649842287779450e-04
7.363276777774263593e-04
8.281672200540768358e-04
7.849786575021555635e-04
6.629587367333877879e-04
5.522007154616925817e-04
5.421844889386129296e-04
6.769872947129940144e-04
9.374849678102092909e-04
1.252180213434650469e-03
1.522285539362400186e-03
1.670498638570827588e-03
1.669489169685789420e-03
1.558776146752482994e-03
1.420712778069210813e-03
1.350938990821837216e-03
1.411590668834339368e-03
1.606583269786465706e-03
1.878278622714391055e-03
2.136150427411998010e-03
2.293048785777074272e-03
2.306904436683687720e-03
2.198991803184169314e-03
2.043683340321345021e-03
1.938058688748633962e-03
1.958839235711495874e-03
2.128754833940149638e-03
2.407579818451521803e-03
2.708958161475982784e-03
2.938650710766377294e-03
3.035368279743488884e-03
2.998747259821188393e-03
2.887451362992510262e-03
2.794350699913628056e-03
2.806797827537788059e-03
2.965366379695799637e-03
3.250054451325867788e-03
3.584027158860969564e-03
3.872573653105781943e-03
4.040274242403385507e-03
4.067650368890451951e-03
3.995072388443321465e-03
3.909176394783719921e-03
3.901737318507181307e-03
4.030591832785312967e-03
4.292119533010896326e-03
4.622544770138681258e-03
4.927034815876196738e-03
5.119281066048420037e-03
5.158275758358366048e-03
5.067900349791432113e-03
4.924796696750499692e-03
4.825645185540405890e-03
4.844413185672857836e-03
5.001820336838935788e-03
5.252772405616279450e-03
5.511932866283930643e-03
5.688201644203028096e-03
5.725841746757442952e-03
5.630683087731014336e-03
5.464251099636219244e-03
5.321948463431536158e-03
5.287786013230655335e-03
5.398401483897197206e-03
5.626065583758665944e-03
5.891391779044796717e-03
6.098483309376845352e-03
6.174719279581519782e-03
6.104883185453935379e-03
5.935416734777265724e-03
5.756031178097198442e-03
5.660187359760038284e-03
5.703287864673334262e-03
5.880641871229941309e-03
6.127877308013507385e-03
6.350958903340475636e-03
6.467602361183599768e-03
6.442782185589746025e-03
6.303322836081981517e-03
6.129585322904307354e-03
6.014879360339842052e-03
6.028229199801560245e-03
6.181698999204537914e-03
6.425395259619409716e-03
6.667853976136756122e-03
6.817470114001633608e-03
6.820166760107271298e-03
6.684536057851075963e-03
6.478189284148616611e-03
6.295446816637476073e-03
6.218883943266834136e-03
6.281531366916268122e-03
6.452778529197039648e-03
6.652225548645189501e-03
6.783272487677106943e-03
6.778258139269431604e-03
6.623934442554491042e-03
6.371691823005676270e-03
6.110448902095777512e-03
5.930793231351295935e-03
5.884174840890397939e-03
5.957941716293164991e-03
6.084015418022808985e-03
6.168299403576285589e-03
6.130632210068737153e-03
5.940284069821874513e-03
5.632252638992862881e-03
5.288457554438352748e-03
5.005126542428739445e-03
4.850347717037795103e-03
4.832653617018151104e-03
4.901305189370458448e-03
4.964995422563650562e-03
4.934823311413649716e-03
4.763815984585084706e-03
4.467002931070607197e-03
4.115151838142871998e-03
3.806057669604345772e-03
3.620066534537835778e-03
3.588056008311135692e-03
3.675835059997967225e-03
3.801178998215859473e-03
3.869456504833501675e-03
3.815937880565889451e-03
3.632952071567108199e-03
3.376914941705888573e-03
3.137115010194257980e-03
3.002309853261497796e-03
3.016735806834092148e-03
3.164997552772830236e-03
3.374295381970093821e-03
3.548494115468037169e-03
3.607909196272518493e-03
3.525526588448346654e-03
3.338162840793468256e-03
3.129292345618595039e-03
2.991873993446414470e-03
2.988923332908788311e-03
3.122574789813481466e-03
3.335243627556327972e-03
3.534339655379081790e-03
3.631307696742913649e-03
3.580040239264281610e-03
3.399945620449207340e-03
3.165170023743724137e-03
2.971916998294465984e-03
2.897960888755046760e-03
2.969090500743676309e-03
3.145132536990224992e-03
3.342460602334562658e-03
3.468089712472255393e-03
3.459972753056539396e-03
3.317052319205537891e-03
3.098655200210242988e-03
2.895960280218434768e-03
2.797570606229426993e-03
2.844392975922538369e-03
3.017604482526969889e-03
3.242083457609679087e-03
3.422046168369385910e-03
3.482922707740532253e-03
3.403399868476264523e-03
3.225481795882001457e-03
3.036521046910989341e-03
2.929506941508952522e-03
2.965606586749491846e-03
3.142727839347991825e-03
3.399879535949446030e-03
3.643716593977330831e-03
3.785021962714019139e-03
3.782497093569481272e-03
3.658335397471845774e-03
3.485741587623936155e-03
3.360603211783996791e-03
3.352762771992701119e-03
3.484567574907115883e-03
3.707451453121790585e-03
3.935158578205477653e-03
4.073645975910755723e-03
4.065811917076112003e-03
3.913843324683696778e-03
3.681187384741657631e-03
3.462172722251688484e-03
3.341179103433566944e-03
3.357606333043383628e-03
3.487938766973064375e-03
3.654814493554314758e-03
3.762426252802875126e-03
3.739515168501572617e-03
3.571129400810391097e-03
3.303491954489756743e-03
3.025188655120136794e-03
2.831319550575805977e-03
2.778677433917020601e-03
2.863064700219464243e-03
3.021666554856583531e-03
3.161914853481717635e-03
3.198523783759288364e-03
3.098390151088703526e-03
2.888296012370061838e-03
2.646971979644030526e-03
2.470469725021740004e-03
2.428059887018774177e-03
2.535152677377805475e-03
2.742807913607259174e-03
2.959916827434683206e-03
3.094056510587472886e-03
3.091711366343230516e-03
2.957922805369328501e-03
2.757666731932895132e-03
2.585119787272383007e-03
2.521868605520838358e-03
2.601263557073574262e-03
2.792476061934001663e-03
3.015313421124821147e-03
3.173413073250586081e-03
3.196936938778094373e-03
3.074448728907386297e-03
2.856122858149179322e-03
2.630769383067388389e-03
2.491595799647861043e-03
2.490375252743870504e-03
2.619896659965093022e-03
2.810442718834460507e-03
2.971013760376672863e-03
3.019985649101775138e-03
2.926191067505579113e-03
2.722466263145983945e-03
2.491985092277104741e-03
2.330157967587620504e-03
2.304318005763583699e-03
2.426087032908474939e-03
2.642738229853280885e-03
2.864998007166663641e-03
3.001791331783465466e-03
3.003539835640722799e-03
2.881679807538395366e-03
2.706287745588786819e-03
2.570984397527675824e-03
2.556796927359217264e-03
2.691216054972578320e-03
2.938864852050082632e-03
3.216487754404973032e-03
3.426570260691264025e-03
3.501275443692830613e-03
3.432700869792970622e-03
3.271322298830536823e-03
3.108787778696053827e-03
3.032391380396348701e-03
3.089523565658947035e-03
3.265370169188708260e-03
3.489349250284989878e-03
3.665289927547443760e-03
3.716309332922884678e-03
3.614850549129688950e-03
3.398546723771267430e-03
3.152326041314323923e-03
2.970842808672879976e-03
2.920666913094116524e-03
3.006472796660553115e-03
3.173971061392721893e-03
3.329730589470059066e-03
3.387013299299912461e-03
3.300192232569609807e-03
3.086782228844731080e-03
2.819889908330375228e-03
2.595799368169116050e-03
2.493183822213973500e-03
2.537287449271841133e-03
2.691511862890960671e-03
2.871000459693462403e-03
2.981365010032543950e-03
2.961363699757080248e-03
2.807498303699862419e-03
2.576870551022181210e-03
2.360364369798362283e-03
2.245010448841955331e-03
2.273354886436096400e-03
2.423586817726364195e-03
2.619784066905328501e-03
2.764390156160922984e-03
2.780266465735259374e-03
2.643312236067174581e-03
2.392620643890008836e-03
2.115084158775260015e-03
1.903451816851919887e-03
1.819906874369836558e-03
1.865408986364114341e-03
1.981294440840053461e-03
2.077256126868487485e-03
2.065881882850506557e-03
1.908267005008679185e-03
1.628108886381873788e-03
1.302719247694206217e-03
1.027822217102958291e-03
8.805064163182052539e-04
8.819789379026499176e-04
9.910349609520974212e-04
1.121217205680036244e-03
1.179916276463188751e-03
1.109474314065161948e-03
9.127368627106502430e-04
6.513934088773210007e-04
4.196210297662261723e-04
3.042051667090373002e-04
3.445442565951362113e-04
5.181277492682934138e-04
7.468832768516842080e-04
9.356205691589680740e-04
1.010372256679326064e-03
9.527432808670299735e-04
8.065761776051560972e-04
6.589956119572581983e-04
6.003267981796733821e-04
6.867835660480658966e-04
9.103306299202418295e-04
1.206819952914994776e-03
1.478941505440090065e-03
1.640657895460584381e-03
1.652887597675900544e-03
1.540677694744696513e-03
1.380553697486630593e-03
1.268769994150820146e-03
1.276397759145619926e-03
1.421037682465875474e-03
1.657618963160079062e-03
1.898397303958243576e-03
2.054501418163434678e-03
2.072734092723627075e-03
1.962077683671070716e-03
1.788036750671240238e-03
1.647030751200484477e-03
1.622178446311905997e-03
1.746538378680051462e-03
1.991319135506430804e-03
2.274326863718145741e-03
2.496693715908659961e-03
2.587175167645228147e-03
2.530205288133580144e-03
2.374485483406713060e-03
2.211360549085883420e-03
2.133985240688279772e-03
2.198820657113631505e-03
2.402937096217305779e-03
2.682895606216817441e-03
2.947952088163327544e-03
3.117975044541240748e-03
3.157728400616413578e-03
3.092696715324416701e-03
2.993266289809878855e-03
2.938751714668993986e-03
2.979648059232030410e-03
3.103632991755648357e-03
3.236010670661756700e-03
