-8.849135041236877441e-02
-6.715574860572814941e-02
-4.720810055732727051e-02
-2.907923050224781036e-02
-1.317444536834955215e-02
1.549412263557314873e-04
1.065763738006353378e-02
1.821538619697093964e-02
2.287539653480052948e-02
2.486321143805980682e-02
2.458068542182445526e-02
2.256938628852367401e-02
1.945969276130199432e-02
1.589539460837841034e-02
1.245745923370122910e-02
9.593217633664608002e-03
7.559209130704402924e-03
6.393044255673885345e-03
5.910842679440975189e-03
5.726008675992488861e-03
5.296676419675350189e-03
3.978638909757137299e-03
1.090853358618915081e-03
-4.021556116640567780e-03
-1.192614529281854630e-02
-2.305475063621997833e-02
-3.766766190528869629e-02
-5.582836270332336426e-02
-7.740095257759094238e-02
-1.020536720752716064e-01
-1.292786300182342529e-01
-1.584244668483734131e-01
-1.887371838092803955e-01
-2.194077074527740479e-01
-2.496342957019805908e-01
-2.786802351474761963e-01
-3.059338033199310303e-01
-3.309531509876251221e-01
-3.535005152225494385e-01
-3.735568225383758545e-01
-3.913120925426483154e-01
-4.071374237537384033e-01
-4.215478003025054932e-01
-4.351437389850616455e-01
-4.485559165477752686e-01
-4.623856246471405029e-01
-4.771474897861480713e-01
-4.932252466678619385e-01
-5.108330845832824707e-01
-5.299946665763854980e-01
-5.505406260490417480e-01
-5.721117854118347168e-01
-5.941978096961975098e-01
-6.161702275276184082e-01
-6.373443007469177246e-01
-6.570443511009216309e-01
-6.746653914451599121e-01
-6.897340416908264160e-01
-7.019571661949157715e-01
-7.112453579902648926e-01
-7.177229523658752441e-01
-7.217132449150085449e-01
-7.237142324447631836e-01
-7.243536114692687988e-01
-7.243480682373046875e-01
-7.244492173194885254e-01
-7.253958582878112793e-01
-7.278626561164855957e-01
-7.324120998382568359e-01
-7.394534349441528320e-01
-7.492124438285827637e-01
-7.617053389549255371e-01
-7.767364382743835449e-01
-7.939148545265197754e-01
-8.126870989799499512e-01
-8.323914408683776855e-01
-8.523251414299011230e-01
-8.718132376670837402e-01
-8.902757763862609863e-01
-9.072818160057067871e-01
-9.225875735282897949e-01
-9.361489415168762207e-01
-9.481201767921447754e-01
-9.588323235511779785e-01
-9.687563776969909668e-01
-9.784588217735290527e-01
-9.885470271110534668e-01
-9.996181130409240723e-01
-1.012204766273498535e+00
-1.026721715927124023e+00
-1.043432235717773438e+00
-1.062412023544311523e+00
-1.083536982536315918e+00
-1.106483578681945801e+00
-1.130744934082031250e+00
-1.155667781829833984e+00
-1.180492639541625977e+00
-1.204413533210754395e+00
-1.226632714271545410e+00
-1.246422886848449707e+00
-1.263179183006286621e+00
-1.276466250419616699e+00
-1.286046981811523438e+00
-1.291903614997863770e+00
-1.294232845306396484e+00
-1.293427824974060059e+00
-1.290032863616943359e+00
-1.284691095352172852e+00
-1.278073549270629883e+00
-1.270813465118408203e+00
-1.263446450233459473e+00
-1.256361484527587891e+00
-1.249778866767883301e+00
-1.243732690811157227e+00
-1.238086938858032227e+00
-1.232551336288452148e+00
-1.226709723472595215e+00
-1.220058679580688477e+00
-1.212044119834899902e+00
-1.202104091644287109e+00
-1.189714670181274414e+00
-1.174437522888183594e+00
-1.155964493751525879e+00
-1.134164452552795410e+00
-1.109117984771728516e+00
-1.081131935119628906e+00
-1.050736427307128906e+00
-1.018654704093933105e+00
-9.857438206672668457e-01
-9.529172778129577637e-01
-9.210632443428039551e-01
-8.909643292427062988e-01
-8.632332682609558105e-01
-8.382765650749206543e-01
-8.162830471992492676e-01
-7.972314953804016113e-01
-7.809193730354309082e-01
-7.669987082481384277e-01
-7.550168633460998535e-01
-7.444555163383483887e-01
-7.347740530967712402e-01
-7.254431843757629395e-01
-7.159867882728576660e-01
-7.060200572013854980e-01
-6.952850222587585449e-01
-6.836889386177062988e-01
-6.713244318962097168e-01
-6.584851145744323730e-01
-6.456450819969177246e-01
-6.334232687950134277e-01
-6.225216984748840332e-01
-6.136468052864074707e-01
-6.074296832084655762e-01
-6.043583750724792480e-01
-6.047233939170837402e-01
-6.085951924324035645e-01
-6.158197522163391113e-01
-6.260363459587097168e-01
-6.387097239494323730e-01
-6.531675457954406738e-01
-6.686509251594543457e-01
-6.843670010566711426e-01
-6.995385289192199707e-01
-7.134600281715393066e-01
-7.255427241325378418e-01
-7.353592514991760254e-01
-7.426689267158508301e-01
-7.474353909492492676e-01
-7.498255372047424316e-01
-7.501891255378723145e-01
-7.490224242210388184e-01
-7.469221949577331543e-01
-7.445232272148132324e-01
-7.424388527870178223e-01
-7.411989569664001465e-01
-7.412031292915344238e-01
-7.426808476448059082e-01
-7.456679940223693848e-01
-7.500122189521789551e-01
-7.553774714469909668e-01
-7.612798810005187988e-01
-7.671253085136413574e-01
-7.722626328468322754e-01
-7.760373950004577637e-01
-7.778436541557312012e-01
-7.771869301795959473e-01
-7.737188935279846191e-01
-7.672854065895080566e-01
-7.579447627067565918e-01
-7.459734082221984863e-01
-7.318530678749084473e-01
-7.162319421768188477e-01
-6.998775601387023926e-01
-6.836058497428894043e-01
-6.682098507881164551e-01
-6.543984413146972656e-01
-6.427309513092041016e-01
-6.335889101028442383e-01
-6.271531581878662109e-01
-6.234014630317687988e-01
-6.221260428428649902e-01
-6.229536533355712891e-01
-6.253831982612609863e-01
-6.288254857063293457e-01
-6.326471567153930664e-01
-6.362134814262390137e-01
-6.389477849006652832e-01
-6.403740048408508301e-01
-6.401665806770324707e-01
-6.381829380989074707e-01
-6.344900727272033691e-01
-6.293582320213317871e-01
-6.232441067695617676e-01
-6.167386174201965332e-01
-6.105033159255981445e-01
-6.052046418190002441e-01
-6.014344692230224609e-01
-5.996558070182800293e-01
-6.001614928245544434e-01
-6.030491590499877930e-01
-6.082218289375305176e-01
-6.153918504714965820e-01
-6.241056323051452637e-01
-6.337602734565734863e-01
-6.436483263969421387e-01
-6.529878973960876465e-01
-6.609799861907958984e-01
-6.668593287467956543e-01
-6.699668169021606445e-01
-6.698037981986999512e-01
-6.660909652709960938e-01
-6.587807536125183105e-01
-6.480582952499389648e-01
-6.342884898185729980e-01
-6.179630756378173828e-01
-5.996351242065429688e-01
-5.798925757408142090e-01
-5.593406558036804199e-01
-5.385739207267761230e-01
-5.180681943893432617e-01
-4.980685412883758545e-01
-4.786217510700225830e-01
-4.597164094448089600e-01
-4.411603510379791260e-01
-4.224455654621124268e-01
-4.030400216579437256e-01
-3.823707401752471924e-01
-3.597659170627593994e-01
-3.348261415958404541e-01
-3.070104420185089111e-01
-2.760582268238067627e-01
-2.419205009937286377e-01
-2.046509087085723877e-01
-1.647193729877471924e-01
-1.225869953632354736e-01
-7.896831631660461426e-02
-3.469780087471008301e-02
9.441583417356014252e-03
5.265352129936218262e-02
9.417936205863952637e-02
1.333932578563690186e-01
1.698255240917205811e-01
2.031771838665008545e-01
2.333504855632781982e-01
2.604591548442840576e-01
2.848090827465057373e-01
3.068542182445526123e-01
3.271484076976776123e-01
3.462946116924285889e-01
3.648903071880340576e-01
3.834721744060516357e-01
4.024686515331268311e-01
4.221453368663787842e-01
4.425770938396453857e-01
4.636394679546356201e-01
4.850177466869354248e-01
5.062386393547058105e-01
5.267168879508972168e-01
5.458111166954040527e-01
5.628761649131774902e-01
5.773205161094665527e-01
5.886554121971130371e-01
5.965370535850524902e-01
6.008045077323913574e-01
6.014980673789978027e-01
5.988697409629821777e-01
5.933722853660583496e-01
5.856308341026306152e-01
5.763971209526062012e-01
5.664924979209899902e-01
5.567364096641540527e-01
5.478851199150085449e-01
5.405787825584411621e-01
5.352839827537536621e-01
5.322780013084411621e-01
5.316309332847595215e-01
5.332121253013610840e-01
5.367087721824645996e-01
5.416607260704040527e-01
5.475010275840759277e-01
5.536116957664489746e-01
5.593764185905456543e-01
5.642437338829040527e-01
5.677773356437683105e-01
5.696992278099060059e-01
5.699216723442077637e-01
5.685517191886901855e-01
5.658871531486511230e-01
5.623883605003356934e-01
5.586366057395935059e-01
5.552801489830017090e-01
5.529820322990417480e-01
5.523542761802673340e-01
5.539111495018005371e-01
5.580160021781921387e-01
5.648538470268249512e-01
5.744003653526306152e-01
5.864292979240417480e-01
6.005124449729919434e-01
6.160559058189392090e-01
6.323394179344177246e-01
6.485771536827087402e-01
6.639782786369323730e-01
6.778127551078796387e-01
6.894709467887878418e-01
6.985082030296325684e-01
7.046720385551452637e-01
7.079181075096130371e-01
7.083997130393981934e-01
7.064527869224548340e-01
7.025596499443054199e-01
6.973093152046203613e-01
6.913462281227111816e-01
6.853198409080505371e-01
6.798259615898132324e-01
6.753581166267395020e-01
6.722599864006042480e-01
6.706929802894592285e-01
6.706187129020690918e-01
6.718000769615173340e-01
6.738240122795104980e-01
6.761363148689270020e-01
6.781032681465148926e-01
6.790696978569030762e-01
6.784278750419616699e-01
6.756822466850280762e-01
6.704942584037780762e-01
6.627241969108581543e-01
6.524408459663391113e-01
6.399253010749816895e-01
6.256428360939025879e-01
6.102150082588195801e-01
5.943669676780700684e-01
5.788823962211608887e-01
5.645454525947570801e-01
5.520901083946228027e-01
5.421523451805114746e-01
5.352287888526916504e-01
5.316398739814758301e-01
5.315076708793640137e-01
5.347387194633483887e-01
5.410322546958923340e-01
5.499071478843688965e-01
5.607464909553527832e-01
5.728649497032165527e-01
5.855837464332580566e-01
5.983042120933532715e-01
6.105639338493347168e-01
6.220789551734924316e-01
6.327553391456604004e-01
6.426845192909240723e-01
6.521195769309997559e-01
6.614434123039245605e-01
6.711310744285583496e-01
6.817130446434020996e-01
6.937325596809387207e-01
7.077115178108215332e-01
7.241049408912658691e-01
7.432594895362854004e-01
7.653747200965881348e-01
7.904623150825500488e-01
8.183235526084899902e-01
8.485363125801086426e-01
8.804733157157897949e-01
9.133414626121520996e-01
9.462442994117736816e-01
9.782673716545104980e-01
1.008557081222534180e+00
1.036402821540832520e+00
1.061288118362426758e+00
1.082920551300048828e+00
1.101235747337341309e+00
1.116378426551818848e+00
1.128666281700134277e+00
1.138543128967285156e+00
1.146537542343139648e+00
1.153213620185852051e+00
1.159123659133911133e+00
1.164771318435668945e+00
1.170569300651550293e+00
1.176801443099975586e+00
1.183599591255187988e+00
1.190917015075683594e+00
1.198523283004760742e+00
1.206013441085815430e+00
1.212838530540466309e+00
1.218353152275085449e+00
1.221878767013549805e+00
1.222772479057312012e+00
1.220494508743286133e+00
1.214665651321411133e+00
1.205101370811462402e+00
1.191840171813964844e+00
1.175131559371948242e+00
1.155426144599914551e+00
1.133340597152709961e+00
1.109609603881835938e+00
1.085034012794494629e+00
1.060422778129577637e+00
1.036530613899230957e+00
1.014006018638610840e+00
9.933428168296813965e-01
9.748486876487731934e-01
9.586293101310729980e-01
9.445917010307312012e-01
9.324575066566467285e-01
9.218015074729919434e-01
9.120910763740539551e-01
9.027345776557922363e-01
8.931344151496887207e-01
8.827425837516784668e-01
8.711047768592834473e-01
8.579041361808776855e-01
8.430003523826599121e-01
8.264425396919250488e-01
8.084781765937805176e-01
7.895343899726867676e-01
7.701876759529113770e-01
7.511042952537536621e-01
7.329804301261901855e-01
7.164704203605651855e-01
7.021197676658630371e-01
6.903138756752014160e-01
6.812407374382019043e-01
6.748775839805603027e-01
6.709932088851928711e-01
6.691722273826599121e-01
6.688457131385803223e-01
6.693364381790161133e-01
6.699048876762390137e-01
6.698004603385925293e-01
6.683120131492614746e-01
6.648158431053161621e-01
6.588255763053894043e-01
6.500256657600402832e-01
6.383007168769836426e-01
6.237477660179138184e-01
6.066685318946838379e-01
5.875402092933654785e-01
5.669737458229064941e-01
5.456514954566955566e-01
5.242642760276794434e-01
5.034397244453430176e-01
4.836914241313934326e-01
4.653672873973846436e-01
4.486256539821624756e-01
4.334222972393035889e-01
4.195242822170257568e-01
4.065308868885040283e-01
3.939171731472015381e-01
3.810791671276092529e-01
3.673923909664154053e-01
3.522681295871734619e-01
3.352094590663909912e-01
3.158608973026275635e-01
2.940448224544525146e-01
2.697928249835968018e-01
2.433445155620574951e-01
2.151423394680023193e-01
1.857998669147491455e-01
1.560485064983367920e-01
1.266905367374420166e-01
9.853348135948181152e-02
7.233020663261413574e-02
4.872635006904602051e-02
2.822491340339183807e-02
1.114591863006353378e-02
-2.384335733950138092e-03
-1.244154665619134903e-02
-1.929345913231372833e-02
-2.337423153221607208e-02
-2.525118179619312286e-02
-2.557370252907276154e-02
-2.501711435616016388e-02
-2.422025986015796661e-02
-2.372178621590137482e-02
-2.390507049858570099e-02
-2.495452947914600372e-02
-2.683255262672901154e-02
-2.928057499229907990e-02
-3.184810280799865723e-02
-3.394857048988342285e-02
-3.492990136146545410e-02
-3.415456414222717285e-02
-3.107384033501148224e-02
-2.528360672295093536e-02
-1.655915565788745880e-02
-4.860074259340763092e-03
9.686200879514217377e-03
2.681073360145092010e-02
4.614648222923278809e-02
6.726893782615661621e-02
8.973023295402526855e-02
