7.992446422576904297e-03
-7.798910140991210938e-03
-2.352827787399291992e-02
-3.909349441528320312e-02
-5.444127321243286133e-02
-6.957304477691650391e-02
-8.453744649887084961e-02
-9.939986467361450195e-02
-1.141999363899230957e-01
-1.289240121841430664e-01
-1.434963941574096680e-01
-1.578103601932525635e-01
-1.717744171619415283e-01
-1.853522658348083496e-01
-1.985771059989929199e-01
-2.115354239940643311e-01
-2.243276238441467285e-01
-2.370339035987854004e-01
-2.496870756149291992e-01
-2.622678875923156738e-01
-2.747195363044738770e-01
-2.869773507118225098e-01
-2.989999651908874512e-01
-3.107985258102416992e-01
-3.224384188652038574e-01
-3.340250849723815918e-01
-3.456614613533020020e-01
-3.574023842811584473e-01
-3.692239522933959961e-01
-3.810332417488098145e-01
-3.927122354507446289e-01
-4.041721224784851074e-01
-4.153867363929748535e-01
-4.263933300971984863e-01
-4.372602105140686035e-01
-4.480455517768859863e-01
-4.587649106979370117e-01
-4.693816304206848145e-01
-4.798154234886169434e-01
-4.899659156799316406e-01
-4.997431635856628418e-01
-5.090979933738708496e-01
-5.180358290672302246e-01
-5.266202688217163086e-01
-5.349469780921936035e-01
-5.431076884269714355e-01
-5.511435866355895996e-01
-5.590260624885559082e-01
-5.666743516921997070e-01
-5.740106701850891113e-01
-5.810137391090393066e-01
-5.877396464347839355e-01
-5.943005681037902832e-01
-6.008221507072448730e-01
-6.074022650718688965e-01
-6.140871047973632812e-01
-6.208723187446594238e-01
-6.277181506156921387e-01
-6.345786452293395996e-01
-6.414255499839782715e-01
-6.482663750648498535e-01
-6.551486253738403320e-01
-6.621466875076293945e-01
-6.693379878997802734e-01
-6.767697930335998535e-01
-6.844404339790344238e-01
-6.922872662544250488e-01
-7.002054452896118164e-01
-7.080807089805603027e-01
-7.158381342887878418e-01
-7.234711050987243652e-01
-7.310433983802795410e-01
-7.386438250541687012e-01
-7.463299632072448730e-01
-7.540906071662902832e-01
-7.618431448936462402e-01
-7.694718241691589355e-01
-7.768719792366027832e-01
-7.839927077293395996e-01
-7.908553481101989746e-01
-7.975437045097351074e-01
-8.041707873344421387e-01
-8.108299374580383301e-01
-8.175565600395202637e-01
-8.243134617805480957e-01
-8.310245871543884277e-01
-8.376240134239196777e-01
-8.440973162651062012e-01
-8.504938483238220215e-01
-8.568964600563049316e-01
-8.633930087089538574e-01
-8.700422644615173340e-01
-8.768656849861145020e-01
-8.838512301445007324e-01
-8.909644484519958496e-01
-8.981651663780212402e-01
-9.054178595542907715e-01
-9.126951098442077637e-01
-9.199792742729187012e-01
-9.272586703300476074e-01
-9.345211386680603027e-01
-9.417514204978942871e-01
-9.489269852638244629e-01
-9.560183882713317871e-01
-9.629880785942077637e-01
-9.697954058647155762e-01
-9.763963818550109863e-01
-9.827490448951721191e-01
-9.888140559196472168e-01
-9.945580363273620605e-01
-9.999529719352722168e-01
-1.004980564117431641e+00
-1.009626388549804688e+00
-1.013886213302612305e+00
-1.017759799957275391e+00
-1.021253347396850586e+00
-1.024376869201660156e+00
-1.027145147323608398e+00
-1.029574871063232422e+00
-1.031685590744018555e+00
-1.033496856689453125e+00
-1.035031318664550781e+00
-1.036309242248535156e+00
-1.037352561950683594e+00
-1.038180351257324219e+00
-1.038810968399047852e+00
-1.039260387420654297e+00
-1.039541006088256836e+00
-1.039661884307861328e+00
-1.039627790451049805e+00
-1.039439439773559570e+00
-1.039092540740966797e+00
-1.038578748703002930e+00
-1.037885665893554688e+00
-1.036996364593505859e+00
-1.035891771316528320e+00
-1.034549236297607422e+00
-1.032945871353149414e+00
-1.031058073043823242e+00
-1.028863191604614258e+00
-1.026340007781982422e+00
-1.023469686508178711e+00
-1.020239353179931641e+00
-1.016636371612548828e+00
-1.012656450271606445e+00
-1.008298873901367188e+00
-1.003568649291992188e+00
-9.984763264656066895e-01
-9.930374026298522949e-01
-9.872719645500183105e-01
-9.812044501304626465e-01
-9.748628735542297363e-01
-9.682784676551818848e-01
-9.614838957786560059e-01
-9.545136094093322754e-01
-9.474022984504699707e-01
-9.401851296424865723e-01
-9.328946471214294434e-01
-9.255635142326354980e-01
-9.182217717170715332e-01
-9.108957648277282715e-01
-9.036090970039367676e-01
-8.963832259178161621e-01
-8.892335295677185059e-01
-8.821725249290466309e-01
-8.752080798149108887e-01
-8.683432936668395996e-01
-8.615762591361999512e-01
-8.548999428749084473e-01
-8.483032584190368652e-01
-8.417691588401794434e-01
-8.352767825126647949e-01
-8.288010954856872559e-01
-8.223146796226501465e-01
-8.157882094383239746e-01
-8.091933131217956543e-01
-8.025048375129699707e-01
-7.957010865211486816e-01
-7.887697815895080566e-01
-7.817062735557556152e-01
-7.745160460472106934e-01
-7.672150731086730957e-01
-7.598255276679992676e-01
-7.523732781410217285e-01
-7.448830008506774902e-01
-7.373721003532409668e-01
-7.298474907875061035e-01
-7.223041653633117676e-01
-7.147287130355834961e-01
-7.071098685264587402e-01
-6.994522809982299805e-01
-6.917920708656311035e-01
-6.842016577720642090e-01
-6.767759919166564941e-01
-6.695998311042785645e-01
-6.627009510993957520e-01
-6.560236811637878418e-01
-6.494473814964294434e-01
-6.428505778312683105e-01
-6.361762881278991699e-01
-6.294547319412231445e-01
-6.227670907974243164e-01
-6.161815524101257324e-01
-6.097069382667541504e-01
-6.032856702804565430e-01
-5.968151688575744629e-01
-5.901861786842346191e-01
-5.833112597465515137e-01
-5.761441588401794434e-01
-5.686817765235900879e-01
-5.609530806541442871e-01
-5.530014038085937500e-01
-5.448609590530395508e-01
-5.365359187126159668e-01
-5.279906988143920898e-01
-5.191517472267150879e-01
-5.099329948425292969e-01
-5.002730488777160645e-01
-4.901755452156066895e-01
-4.797217845916748047e-01
-4.690422415733337402e-01
-4.582551121711730957e-01
-4.474150538444519043e-01
-4.365010857582092285e-01
-4.254441857337951660e-01
-4.141769409179687500e-01
-4.026703238487243652e-01
-3.909485340118408203e-01
-3.790821433067321777e-01
-3.671635985374450684e-01
-3.552777171134948730e-01
-3.434750437736511230e-01
-3.317529559135437012e-01
-3.200563788414001465e-01
-3.082951903343200684e-01
-2.963754534721374512e-01
-2.842401862144470215e-01
-2.718934416770935059e-01
-2.593966126441955566e-01
-2.468336224555969238e-01
-2.342607378959655762e-01
-2.216668725013732910e-01
-2.089709341526031494e-01
-1.960545480251312256e-01
-1.828091144561767578e-01
-1.691811978816986084e-01
-1.551847755908966064e-01
-1.408911347389221191e-01
-1.263958513736724854e-01
-1.117820143699645996e-01
-9.709098935127258301e-02
-8.231312036514282227e-02
-6.739908456802368164e-02
-5.228844285011291504e-02
-3.694716095924377441e-02
-2.139711380004882812e-02
-5.724489688873291016e-03
9.940564632415771484e-03
2.546513080596923828e-02
4.075890779495239258e-02
5.579918622970581055e-02
7.062608003616333008e-02
8.530873060226440430e-02
9.990423917770385742e-02
1.144213676452636719e-01
1.288101673126220703e-01
1.429780125617980957e-01
1.568241715431213379e-01
1.702827811241149902e-01
1.833516955375671387e-01
1.960957646369934082e-01
2.086209058761596680e-01
2.210361361503601074e-01
2.334104180335998535e-01
2.457536458969116211e-01
2.580212950706481934e-01
2.701433300971984863e-01
2.820631861686706543e-01
2.937695980072021484e-01
3.053097128868103027e-01
3.167747855186462402e-01
3.282660245895385742e-01
3.398537635803222656e-01
3.515459895133972168e-01
3.632848262786865234e-01
3.749661445617675781e-01
3.864837884902954102e-01
3.977687954902648926e-01
4.088112115859985352e-01
4.196574091911315918e-01
4.303796887397766113e-01
4.410337805747985840e-01
4.516242146492004395e-01
4.620916247367858887e-01
4.723280668258666992e-01
4.822223782539367676e-01
4.916985630989074707e-01
5.007458925247192383e-01
5.094146728515625000e-01
5.177903175354003906e-01
5.259590744972229004e-01
5.339753031730651855e-01
5.418445467948913574e-01
5.495241880416870117e-01
5.569484829902648926e-01
5.640634298324584961e-01
5.708649158477783203e-01
5.774166584014892578e-01
5.838388204574584961e-01
5.902683734893798828e-01
5.968070030212402344e-01
6.034896373748779297e-01
6.102879047393798828e-01
6.171340942382812500e-01
6.239661574363708496e-01
6.307624578475952148e-01
6.375557184219360352e-01
6.444258689880371094e-01
6.514688730239868164e-01
6.587612032890319824e-01
6.663244962692260742e-01
6.741121411323547363e-01
6.820234060287475586e-01
6.899420022964477539e-01
6.977789402008056641e-01
7.055066823959350586e-01
7.131544351577758789e-01
7.207868695259094238e-01
7.284587621688842773e-01
7.361866235733032227e-01
7.439291477203369141e-01
7.515985369682312012e-01
7.590903043746948242e-01
7.663259506225585938e-01
7.732851505279541016e-01
7.800189852714538574e-01
7.866294384002685547e-01
7.932261824607849121e-01
7.998832464218139648e-01
8.066089749336242676e-01
8.133516907691955566e-01
8.200352191925048828e-01
8.266010880470275879e-01
8.330433368682861328e-01
8.394147157669067383e-01
8.458095788955688477e-01
8.523284196853637695e-01
8.590407967567443848e-01
8.659648299217224121e-01
8.730574250221252441e-01
8.802362680435180664e-01
8.874023556709289551e-01
8.944845795631408691e-01
9.014676809310913086e-01
9.084063172340393066e-01
9.153912067413330078e-01
9.224937558174133301e-01
9.297139048576354980e-01
9.369682073593139648e-01
9.441254734992980957e-01
9.510554671287536621e-01
9.576667547225952148e-01
9.639219641685485840e-01
9.698339104652404785e-01
9.754425883293151855e-01
9.807988405227661133e-01
9.859326481819152832e-01
9.908364415168762207e-01
9.954528212547302246e-01
9.996878504753112793e-01
1.003447055816650391e+00
1.006678104400634766e+00
1.009409427642822266e+00
1.011738657951354980e+00
1.013792991638183594e+00
1.015672564506530762e+00
1.017404556274414062e+00
1.018950700759887695e+00
1.020239353179931641e+00
1.021220207214355469e+00
1.021899700164794922e+00
1.022344350814819336e+00
1.022658109664916992e+00
1.022933244705200195e+00
1.023216009140014648e+00
1.023496389389038086e+00
1.023718357086181641e+00
1.023806095123291016e+00
1.023688316345214844e+00
1.023311138153076172e+00
1.022641658782958984e+00
1.021665573120117188e+00
1.020378589630126953e+00
1.018777608871459961e+00
1.016859531402587891e+00
1.014616489410400391e+00
1.012034654617309570e+00
1.009097814559936523e+00
1.005789518356323242e+00
1.002094030380249023e+00
9.979994893074035645e-01
9.935043454170227051e-01
9.886125922203063965e-01
9.833393692970275879e-01
9.777075052261352539e-01
9.717488884925842285e-01
9.655017852783203125e-01
9.590083360671997070e-01
9.523111581802368164e-01
9.454542994499206543e-01
9.384766221046447754e-01
9.314130544662475586e-01
9.242915511131286621e-01
9.171338081359863281e-01
9.099575281143188477e-01
9.027757048606872559e-01
8.956043124198913574e-01
8.884612321853637695e-01
8.813751935958862305e-01
8.743827939033508301e-01
8.675276637077331543e-01
8.608527779579162598e-01
8.543849587440490723e-01
8.481166362762451172e-01
8.419927954673767090e-01
8.359144330024719238e-01
8.297709226608276367e-01
8.234895467758178711e-01
8.170728683471679688e-01
8.105853796005249023e-01
8.041037917137145996e-01
7.976631522178649902e-01
7.912334203720092773e-01
7.847297787666320801e-01
7.780527472496032715e-01
7.711315155029296875e-01
7.639499902725219727e-01
7.565547823905944824e-01
7.490318417549133301e-01
7.414755821228027344e-01
7.339538931846618652e-01
7.264841794967651367e-01
7.190322279930114746e-01
7.115297913551330566e-01
7.039120793342590332e-01
6.961563229560852051e-01
6.883028149604797363e-01
6.804504990577697754e-01
6.727191209793090820e-01
6.652026772499084473e-01
6.579325199127197266e-01
6.508714556694030762e-01
6.439375281333923340e-01
6.370403766632080078e-01
6.301253437995910645e-01
6.231893897056579590e-01
6.162794232368469238e-01
6.094642877578735352e-01
6.027987003326416016e-01
5.962874293327331543e-01
5.898717045783996582e-01
5.834392309188842773e-01
5.768561959266662598e-01
5.700120925903320312e-01
5.628503561019897461e-01
5.553796887397766113e-01
5.476552248001098633e-01
5.397433042526245117e-01
5.316762924194335938e-01
5.234290957450866699e-01
5.149236321449279785e-01
5.060617327690124512e-01
4.967691898345947266e-01
4.870346784591674805e-01
4.769165515899658203e-01
4.665208160877227783e-01
4.559633135795593262e-01
4.453274607658386230e-01
4.346339106559753418e-01
4.238442182540893555e-01
4.128863811492919922e-01
4.016987085342407227e-01
3.902633190155029297e-01
3.786192536354064941e-01
3.668535053730010986e-01
3.550701737403869629e-01
3.433541059494018555e-01
3.317401707172393799e-01
3.201985359191894531e-01
3.086459636688232422e-01
2.969771027565002441e-01
2.851099967956542969e-01
2.730218172073364258e-01
2.607566714286804199e-01
2.483924031257629395e-01
2.359959483146667480e-01
2.235819995403289795e-01
2.111043930053710938e-01
1.984712183475494385e-01
1.855799555778503418e-01
1.723453998565673828e-01
1.587278544902801514e-01
1.447512507438659668e-01
1.304967403411865234e-01
1.160708963871002197e-01
1.015543043613433838e-01
8.696049451828002930e-02
7.224291563034057617e-02
5.733364820480346680e-02
4.218751192092895508e-02
2.679938077926635742e-02
1.121449470520019531e-02
-4.469156265258789062e-03
