-8.849135041236898258e-02
-8.746673470012641949e-02
-8.698995384158811350e-02
-8.671272342494650009e-02
-8.637810093813551304e-02
-8.583797973584009200e-02
-8.503928302809153628e-02
-8.400673822566538662e-02
-8.280852390818937980e-02
-8.152401509669210400e-02
-8.021070073483609064e-02
-7.889305095371212939e-02
-7.755723725867283425e-02
-7.616679447618206200e-02
-7.468075497779765037e-02
-7.307304796441230210e-02
-7.134938637202632716e-02
-6.954977573231051202e-02
-6.774231243526210311e-02
-6.601327220881138269e-02
-6.444539297313296722e-02
-6.310531368685277920e-02
-6.202958240294868808e-02
-6.121985048351262504e-02
-6.064155384745608529e-02
-6.023179103176820592e-02
-5.991132013365624287e-02
-5.959449612828437298e-02
-5.920616867934995475e-02
-5.868721656724892877e-02
-5.799857187607754261e-02
-5.712174274609221891e-02
-5.605375144419041944e-02
-5.479892564475541405e-02
-5.337036664025704424e-02
-5.178670529081702556e-02
-5.007628059728475023e-02
-4.827611345914517571e-02
-4.643395480678785825e-02
-4.460715445686941338e-02
-4.285503616319386033e-02
-4.123031448441205615e-02
-3.977704701043283109e-02
-3.852004805835523849e-02
-3.746572920975366205e-02
-3.660231854351914116e-02
-3.590070130884648325e-02
-3.532162474309158418e-02
-3.481732463809505962e-02
-3.433617966306307112e-02
-3.382897374121884848e-02
-3.324324778319009965e-02
-3.253621723822819334e-02
-3.166741247054150055e-02
-3.060901722341302644e-02
-2.935297584504137358e-02
-2.791276269150866352e-02
-2.632798873006891860e-02
-2.466517786054756023e-02
-2.300601308732064254e-02
-2.143782862971677083e-02
-2.003676848317870185e-02
-1.885917606530362889e-02
-1.792867484388716015e-02
-1.724128705075722578e-02
-1.676707925207865379e-02
-1.646328697873700175e-02
-1.628386308044960096e-02
-1.618714337243765122e-02
-1.614060773346592814e-02
-1.612274270268954091e-02
-1.611258340343235673e-02
-1.608532950165209030e-02
-1.600951306791886797e-02
-1.584436429622126941e-02
-1.554630991224514869e-02
-1.507989791479191766e-02
-1.442671958669439203e-02
-1.359442412465461381e-02
-1.261918935039041401e-02
-1.156348815132945962e-02
-1.050286946476197691e-02
-9.515780132641982192e-03
-8.670753871065084439e-03
-8.015210841518571883e-03
-7.571272852931021369e-03
-7.332597064630519412e-03
-7.271356035720821787e-03
-7.343821478599910080e-03
-7.493052647535414224e-03
-7.663165283412709528e-03
-7.798356840309716986e-03
-7.850118705237330019e-03
-7.779565350444661576e-03
-7.557793435233772783e-03
-7.170671886746582402e-03
-6.613107030339016035e-03
-5.892982887982123330e-03
-5.024937043974553319e-03
-4.031650194462166326e-03
-2.940048329286071294e-03
-1.782499451870922513e-03
-5.934025912277540726e-04
5.854150711062100498e-04
1.707576234912133728e-03
2.720678193431025349e-03
3.576395414962352248e-03
4.234987893803499048e-03
4.679953219986376922e-03
4.923876252627135131e-03
5.010075076641751224e-03
5.010082372242541382e-03
5.005331154206205113e-03
5.078950173276641777e-03
5.290806502709077819e-03
5.670414287828329236e-03
6.214190967522181808e-03
6.887101596453559793e-03
7.637476119686681386e-03
8.412312186703907457e-03
9.171117263472972070e-03
9.894526061670516626e-03
1.058744693498647749e-02
1.126731761175814306e-02
1.194880133064790684e-02
1.263116533277819364e-02
1.328547319624817646e-02
1.385252212532916971e-02
1.425617933273293225e-02
1.442489964606863406e-02
1.431249254622746214e-02
1.391733948158524470e-02
1.329085804701224394e-02
1.252789056082392882e-02
1.174592547161867895e-02
1.106168003530028088e-02
1.056429286421523006e-02
1.029882792558267646e-02
1.026060989673327484e-02
1.040397334006959440e-02
1.065505239267316995e-02
1.093790136367345234e-02
1.119075114428336182e-02
1.137927667661275954e-02
1.150134062561269932e-02
1.157423592171824556e-02
1.162330287074597734e-02
1.165744846565253123e-02
1.166392190155385311e-02
1.160359004871391875e-02
1.142117408408982460e-02
1.106573037723324049e-02
1.051056671464345449e-02
9.764675566938163520e-03
8.879388048693925839e-03
7.935707360893218265e-03
7.029243472702173534e-03
6.250441212452773065e-03
5.668096492474683501e-03
5.324064828218566525e-03
5.228607351832392780e-03
5.363592380357107281e-03
5.693841841044156027e-03
6.171924678004869769e-03
6.748998283269691534e-03
7.376013184730245698e-03
8.010605240819090866e-03
8.615186576870659252e-03
9.156046697069042395e-03
9.604305847737859558e-03
9.937127949961044315e-03
1.013596836484209618e-02
1.019282593025871986e-02
1.010996374339989679e-02
9.903776873511294099e-03
9.600209766027045788e-03
9.234291583324671926e-03
8.847984892364491039e-03
8.476055089382206198e-03
8.150406977809221409e-03
7.889938445661548450e-03
7.703369747993349392e-03
7.587487722651831135e-03
7.531720685130416371e-03
7.526143797011330960e-03
7.554845513829122616e-03
7.609098359091071018e-03
7.674555246723557822e-03
7.732531537342324235e-03
7.756342086590928275e-03
7.708526718950947654e-03
7.547570323408581139e-03
7.229221047845069137e-03
6.721712449674455137e-03
6.016182306557871229e-03
5.127077844379157590e-03
4.101834648674529404e-03
3.003300174555079138e-03
1.900539385319421903e-03
8.555697870565870389e-04
-9.210326922515221781e-05
-9.260523066786374713e-04
-1.655300623512045988e-03
-2.306217954754941069e-03
-2.910140188495335956e-03
-3.486304142005569595e-03
-4.043054372797172391e-03
-4.568870186946294432e-03
-5.041874583015526490e-03
-5.436583179584508763e-03
-5.741621430310761554e-03
-5.962172768015361335e-03
-6.128805721139829465e-03
-6.285540895467622846e-03
-6.477684758102619789e-03
-6.744206930080820506e-03
-7.098051950481076844e-03
-7.528053183305849494e-03
-8.005393931102222638e-03
-8.493719501412533290e-03
-8.969164799612738825e-03
-9.426260132881281173e-03
-9.886933356888727431e-03
-1.038497514249581144e-02
-1.096489403185230138e-02
-1.165623359469358800e-02
-1.246997126297566538e-02
-1.338842375594873069e-02
-1.438189401596101646e-02
-1.541708044921252796e-02
-1.648382624484578951e-02
-1.759181457851410890e-02
-1.877353218637700660e-02
-2.005081668159502950e-02
-2.141712492645297949e-02
-2.281985240090378397e-02
-2.419014654147777499e-02
-2.548515835753417669e-02
-2.671828529833319976e-02
-2.790262201692139676e-02
-2.897930175338814252e-02
-2.987570956166407665e-02
-3.065441771270788207e-02
-3.138187528569580387e-02
-3.196768653141407457e-02
-3.241616740145553122e-02
-3.275800362015429679e-02
-3.293427594024145311e-02
-3.310794049372906001e-02
-3.319369290699253350e-02
-3.323217921631654859e-02
-3.328610742711618498e-02
-3.331190448395088266e-02
-3.347143418233117229e-02
-3.372268503315056787e-02
-3.411425365076686117e-02
-3.469780087471008301e-02
-3.541247924848173884e-02
-3.621078903072272315e-02
-3.706857674677649372e-02
-3.794574636825248648e-02
-3.880886947489187166e-02
-3.964886374098935962e-02
-4.046626354823817939e-02
-4.125904625782733648e-02
-4.202255837601220900e-02
-4.275851831054028329e-02
-4.347544655881058207e-02
-4.418326723826976332e-02
-4.488816856424926449e-02
-4.558981732604944215e-02
-4.627738997523167530e-02
-4.694390266860892780e-02
-4.758847853277647921e-02
-4.821616747380730317e-02
-4.883775075921081843e-02
-4.946378984463062345e-02
-5.009838385474196798e-02
-5.073483401596035058e-02
-5.136150822380047831e-02
-5.196424695409540551e-02
-5.253352683689116454e-02
-5.307008544109781401e-02
-5.358221001709606579e-02
-5.408685550720182533e-02
-5.460116402786474588e-02
-5.513772956176188345e-02
-5.570082969876344325e-02
-5.628631141248363612e-02
-5.688280039308768465e-02
-5.748228928410248351e-02
-5.808047042360675594e-02
-5.867388157947661664e-02
-5.927145679482159757e-02
-5.987809758501105861e-02
-6.049682055021465832e-02
-6.112429197118030011e-02
-6.175166270645482403e-02
-6.236490509709147201e-02
-6.295204894065298262e-02
-6.350360528197296350e-02
-6.401964066277077148e-02
-6.450471741398855485e-02
-6.496901927555465139e-02
-6.542547828411093835e-02
-6.588346230969677197e-02
-6.635301133917792527e-02
-6.684002413558232103e-02
-6.734865602656203709e-02
-6.788266201198089878e-02
-6.844774865474723136e-02
-6.904556872985090354e-02
-6.967966339337250403e-02
-7.034588331702484876e-02
-7.103769539499349417e-02
-7.173836325057436625e-02
-7.243242060524801573e-02
-7.309622123503467517e-02
-7.371358812168238295e-02
-7.427165637362465045e-02
-7.476736325212973711e-02
-7.520235881751868856e-02
-7.558331595692702187e-02
-7.591699520090977593e-02
-7.620634745531107423e-02
-7.645175880659904610e-02
-7.665595333193031546e-02
-7.682366818381203277e-02
-7.697008491334444980e-02
-7.711632876313334606e-02
-7.729047062517890865e-02
-7.751936305701434549e-02
-7.782359132346916564e-02
-7.820803751674965110e-02
-7.866231245174759579e-02
-7.915786228799437385e-02
-7.965515282752633208e-02
-8.011035876810224110e-02
-8.048402093784234879e-02
-8.074873956890027404e-02
-8.089204086556145423e-02
-8.092184845364824852e-02
-8.085628402448497010e-02
-8.072373352870698682e-02
-8.055370885984980411e-02
-8.036833084109162861e-02
-8.018527355289184477e-02
-8.001106777304811679e-02
-7.985087644946886609e-02
-7.970665177456248696e-02
-7.958953466636209395e-02
-7.951558517820866978e-02
-7.951256483321733626e-02
-7.960921440249835168e-02
-7.983236784714942136e-02
-8.019667877653979815e-02
-8.069665050852947719e-02
-8.130211094060535437e-02
-8.196290798430194702e-02
-8.261537976005350892e-02
-8.320153045976064199e-02
-8.368028096774793312e-02
-8.403572467460496132e-02
-8.428036788837511839e-02
-8.444405419525502499e-02
-8.455881660682751377e-02
-8.464352267360208959e-02
-8.469924069009004963e-02
-8.470740771087870158e-02
-8.464399473233819027e-02
-8.449302012621684455e-02
-8.426150880843663593e-02
-8.398569318551940555e-02
-8.372841524985963346e-02
-8.356442859943158386e-02
-8.356497649278238349e-02
-8.377214808882516017e-02
-8.418823452443580102e-02
-8.476948313458276818e-02
-8.542973553915600426e-02
-8.606181122541856077e-02
-8.655811611580088716e-02
-8.683942430892277464e-02
-8.686886174323549259e-02
-8.665853738784767835e-02
-8.626292680748970376e-02
-8.575452884886658467e-02
-8.520601922987336430e-02
-8.466396456154323680e-02
-8.414365180212723949e-02
-8.363138938646308418e-02
-8.309630161251302383e-02
-8.250736089292831643e-02
-8.185012213085673949e-02
-8.113846698730120544e-02
-8.040823883400238792e-02
-7.971029425426578996e-02
-7.909809144236934486e-02
-7.860642692507235907e-02
-7.824234033288379742e-02
-7.798275482211414200e-02
-7.777197564464244373e-02
-7.753951023441807422e-02
-7.721405836627392993e-02
-7.674006140480083005e-02
-7.608755270551004202e-02
-7.525610675682026240e-02
-7.426973615394105721e-02
-7.316794248399660638e-02
-7.199452132568406881e-02
-7.078792789888477266e-02
-6.958238015628315232e-02
-6.839896286303615014e-02
-6.725967728203907647e-02
-6.618163262765719423e-02
-6.517995317006231026e-02
-6.426992862944991280e-02
-6.346309714859277307e-02
-6.276436251721895232e-02
-6.217339943227018217e-02
-6.168084519246774811e-02
-6.127084987432040997e-02
-6.092038278558753461e-02
-6.059935314851561117e-02
-6.026924376416742390e-02
-5.988925034855685503e-02
-5.941292257343100403e-02
-5.879647254654385424e-02
-5.800658919968015859e-02
-5.702715453042350724e-02
-5.586181290782432640e-02
-5.454129519283079652e-02
-5.311994919608264976e-02
-5.166227427265646099e-02
-5.023881256968187881e-02
-4.890834148660883063e-02
-4.771085354242343701e-02
-4.665745500322115991e-02
-4.573843942997424250e-02
-4.492491133241072188e-02
-4.418068841216571396e-02
-4.347298788563014327e-02
-4.277582545069180675e-02
-4.207208977248499959e-02
-4.134737248525888198e-02
-4.058558415084334570e-02
-3.976034392641436543e-02
-3.883642492882943831e-02
-3.777034300753134843e-02
-3.652004894914284705e-02
-3.505459604086702541e-02
-3.336446328256814642e-02
-3.146928063084231120e-02
-2.941376859755484574e-02
-2.726632257432792805e-02
-2.510533608377385484e-02
-2.300486273573798535e-02
-2.102284336119641939e-02
-1.919507423014010783e-02
-1.752906923417041352e-02
-1.601009700127287161e-02
-1.460426160096517378e-02
-1.327192786247910483e-02
-1.196706278192899431e-02
-1.064847254780276753e-02
-9.277967942607878715e-03
-7.824491237997999171e-03
-6.259023886596160047e-03
-4.559300449517578180e-03
-2.706517779505202004e-03
-6.915861644634091476e-04
1.485281697089557706e-03
3.811073207719006817e-03
6.259790984885382770e-03
8.794336886865983249e-03
1.136778492597256829e-02
1.393530226094952251e-02
1.645098570539832439e-02
1.887841040627788458e-02
2.119108510673051171e-02
2.336507413324559468e-02
2.538781263516082243e-02
2.725342321732626694e-02
2.896375112459145806e-02
3.053156617080595575e-02
3.199104682835284680e-02
3.338957685843108036e-02
3.479270466159765929e-02
3.627386189844618997e-02
3.790483523455781545e-02
3.974620422935153108e-02
4.183277080041722384e-02
4.416836686373555587e-02
4.672216652864372155e-02
4.943289525454511169e-02
5.222103377208309194e-02
5.500352500414502910e-02
5.771173611893090638e-02
6.030566158476964589e-02
6.278161409226139245e-02
6.516882721197628237e-02
6.751386675235238055e-02
6.986148479519489751e-02
7.223266239252473797e-02
7.461008010797842704e-02
7.693851769968539089e-02
7.913776475026736146e-02
8.113284670285547673e-02
8.288985644930017826e-02
8.444422652415028985e-02
8.592833551349363108e-02
8.757992392055533037e-02
8.973023295402547672e-02
