-2.952739596366882324e-03
-1.865188777446746826e-02
-3.424124419689178467e-02
-4.970280826091766357e-02
-6.501953303813934326e-02
-8.017329871654510498e-02
-9.514825046062469482e-02
-1.099281758069992065e-01
-1.245004385709762573e-01
-1.388539522886276245e-01
-1.529795378446578979e-01
-1.668743342161178589e-01
-1.805360764265060425e-01
-1.939678639173507690e-01
-2.071766108274459839e-01
-2.201717346906661987e-01
-2.329668253660202026e-01
-2.455777376890182495e-01
-2.580226063728332520e-01
-2.703211903572082520e-01
-2.824932932853698730e-01
-2.945591807365417480e-01
-3.065363764762878418e-01
-3.184413313865661621e-01
-3.302866816520690918e-01
-3.420826792716979980e-01
-3.538318276405334473e-01
-3.655350804328918457e-01
-3.771870732307434082e-01
-3.887756466865539551e-01
-4.002874493598937988e-01
-4.117019772529602051e-01
-4.229958653450012207e-01
-4.341444373130798340e-01
-4.451207518577575684e-01
-4.558982253074645996e-01
-4.664495587348937988e-01
-4.767522215843200684e-01
-4.867841601371765137e-01
-4.965295195579528809e-01
-5.059743523597717285e-01
-5.151105523109436035e-01
-5.239374041557312012e-01
-5.324559807777404785e-01
-5.406752228736877441e-01
-5.486068129539489746e-01
-5.562697052955627441e-01
-5.636844038963317871e-01
-5.708758234977722168e-01
-5.778734087944030762e-01
-5.847061276435852051e-01
-5.914070010185241699e-01
-5.980086326599121094e-01
-6.045442223548889160e-01
-6.110464930534362793e-01
-6.175475716590881348e-01
-6.240761876106262207e-01
-6.306592822074890137e-01
-6.373204588890075684e-01
-6.440789699554443359e-01
-6.509486436843872070e-01
-6.579400897026062012e-01
-6.650573611259460449e-01
-6.723003387451171875e-01
-6.796623468399047852e-01
-6.871331334114074707e-01
-6.946965456008911133e-01
-7.023337483406066895e-01
-7.100221514701843262e-01
-7.177371382713317871e-01
-7.254549264907836914e-01
-7.331492304801940918e-01
-7.407959103584289551e-01
-7.483744025230407715e-01
-7.558643817901611328e-01
-7.632514834403991699e-01
-7.705250382423400879e-01
-7.776788473129272461e-01
-7.847115993499755859e-01
-7.916265130043029785e-01
-7.984318137168884277e-01
-8.051379323005676270e-01
-8.117621541023254395e-01
-8.183212876319885254e-01
-8.248351216316223145e-01
-8.313260674476623535e-01
-8.378148674964904785e-01
-8.443227410316467285e-01
-8.508699536323547363e-01
-8.574734330177307129e-01
-8.641483187675476074e-01
-8.709066510200500488e-01
-8.777557015419006348e-01
-8.846976161003112793e-01
-8.917315602302551270e-01
-8.988505005836486816e-01
-9.060425162315368652e-01
-9.132910370826721191e-01
-9.205752015113830566e-01
-9.278691411018371582e-01
-9.351432919502258301e-01
-9.423652291297912598e-01
-9.495003819465637207e-01
-9.565125107765197754e-01
-9.633651375770568848e-01
-9.700209498405456543e-01
-9.764447808265686035e-01
-9.826032519340515137e-01
-9.884662032127380371e-01
-9.940077662467956543e-01
-9.992044568061828613e-01
-1.004040241241455078e+00
-1.008502960205078125e+00
-1.012585997581481934e+00
-1.016287326812744141e+00
-1.019611835479736328e+00
-1.022568464279174805e+00
-1.025170564651489258e+00
-1.027435064315795898e+00
-1.029382467269897461e+00
-1.031034827232360840e+00
-1.032415151596069336e+00
-1.033547282218933105e+00
-1.034453392028808594e+00
-1.035154223442077637e+00
-1.035668373107910156e+00
-1.036010146141052246e+00
-1.036190390586853027e+00
-1.036217451095581055e+00
-1.036091923713684082e+00
-1.035812973976135254e+00
-1.035373449325561523e+00
-1.034763574600219727e+00
-1.033969640731811523e+00
-1.032973885536193848e+00
-1.031757116317749023e+00
-1.030297994613647461e+00
-1.028575658798217773e+00
-1.026566743850708008e+00
-1.024249315261840820e+00
-1.021605491638183594e+00
-1.018616676330566406e+00
-1.015268564224243164e+00
-1.011552095413208008e+00
-1.007459640502929688e+00
-1.002990961074829102e+00
-9.981496930122375488e-01
-9.929447770118713379e-01
-9.873917698860168457e-01
-9.815095067024230957e-01
-9.753230214118957520e-01
-9.688605666160583496e-01
-9.621545672416687012e-01
-9.552391171455383301e-01
-9.481516480445861816e-01
-9.409293532371520996e-01
-9.336099028587341309e-01
-9.262285828590393066e-01
-9.188185334205627441e-01
-9.114120602607727051e-01
-9.040351510047912598e-01
-8.967104554176330566e-01
-8.894560933113098145e-01
-8.822837471961975098e-01
-8.752024769783020020e-01
-8.682127594947814941e-01
-8.613126873970031738e-01
-8.544960618019104004e-01
-8.477495312690734863e-01
-8.410598635673522949e-01
-8.344079852104187012e-01
-8.277752995491027832e-01
-8.211386799812316895e-01
-8.144785761833190918e-01
-8.077722191810607910e-01
-8.009999394416809082e-01
-7.941433787345886230e-01
-7.871882319450378418e-01
-7.801214456558227539e-01
-7.729361653327941895e-01
-7.656286954879760742e-01
-7.581995129585266113e-01
-7.506549954414367676e-01
-7.430052161216735840e-01
-7.352645397186279297e-01
-7.274513840675354004e-01
-7.195865511894226074e-01
-7.116934061050415039e-01
-7.037965059280395508e-01
-6.959210038185119629e-01
-6.880902647972106934e-01
-6.803271174430847168e-01
-6.726517081260681152e-01
-6.650794148445129395e-01
-6.576234698295593262e-01
-6.502899527549743652e-01
-6.430830955505371094e-01
-6.359990835189819336e-01
-6.290308833122253418e-01
-6.221643686294555664e-01
-6.153836250305175781e-01
-6.086662411689758301e-01
-6.019868254661560059e-01
-5.953158736228942871e-01
-5.886223912239074707e-01
-5.818742513656616211e-01
-5.750369429588317871e-01
-5.680761933326721191e-01
-5.609596371650695801e-01
-5.536554455757141113e-01
-5.461348295211791992e-01
-5.383718609809875488e-01
-5.303447842597961426e-01
-5.220350027084350586e-01
-5.134320259094238281e-01
-5.045276880264282227e-01
-4.953202605247497559e-01
-4.858137965202331543e-01
-4.760164618492126465e-01
-4.659441113471984863e-01
-4.556137919425964355e-01
-4.450468420982360840e-01
-4.342670440673828125e-01
-4.233003854751586914e-01
-4.121729135513305664e-01
-4.009089469909667969e-01
-3.895324468612670898e-01
-3.780634403228759766e-01
-3.665199875831604004e-01
-3.549154400825500488e-01
-3.432585000991821289e-01
-3.315543532371520996e-01
-3.198025226593017578e-01
-3.079993128776550293e-01
-2.961364388465881348e-01
-2.842015624046325684e-01
-2.721797823905944824e-01
-2.600550651550292969e-01
-2.478068321943283081e-01
-2.354165166616439819e-01
-2.228637188673019409e-01
-2.101291269063949585e-01
-1.971945017576217651e-01
-1.840445846319198608e-01
-1.706658452749252319e-01
-1.570495814085006714e-01
-1.431905478239059448e-01
-1.290871948003768921e-01
-1.147450655698776245e-01
-1.001736372709274292e-01
-8.538810908794403076e-02
-7.040886580944061279e-02
-5.526070296764373779e-02
-3.997413814067840576e-02
-2.458147704601287842e-02
-9.120509028434753418e-03
6.371691823005676270e-03
2.185489237308502197e-02
3.729052841663360596e-02
5.264158546924591064e-02
6.787087023258209229e-02
8.294565975666046143e-02
9.783793985843658447e-02
1.125231534242630005e-01
1.269807964563369751e-01
1.411976367235183716e-01
1.551635414361953735e-01
1.688748747110366821e-01
1.823336631059646606e-01
1.955450922250747681e-01
2.085212022066116333e-01
2.212758213281631470e-01
2.338267713785171509e-01
2.461952120065689087e-01
2.584034204483032227e-01
2.704735398292541504e-01
2.824286222457885742e-01
2.942892313003540039e-01
3.060754537582397461e-01
3.178030252456665039e-01
3.294843435287475586e-01
3.411270976066589355e-01
3.527346253395080566e-01
3.643044233322143555e-01
3.758323192596435547e-01
3.873054385185241699e-01
3.987094759941101074e-01
4.100241661071777344e-01
4.212293028831481934e-01
4.323007464408874512e-01
4.432139396667480469e-01
4.539425373077392578e-01
4.644612669944763184e-01
4.747465252876281738e-01
4.847764372825622559e-01
4.945315122604370117e-01
5.039973855018615723e-01
5.131621956825256348e-01
5.220200419425964355e-01
5.305711627006530762e-01
5.388205051422119141e-01
5.467775464057922363e-01
5.544595718383789062e-01
5.618885159492492676e-01
5.690898299217224121e-01
5.760934352874755859e-01
5.829330682754516602e-01
5.896419286727905273e-01
5.962569713592529297e-01
6.028145551681518555e-01
6.093485355377197266e-01
6.158924698829650879e-01
6.224773526191711426e-01
6.291279792785644531e-01
6.358687281608581543e-01
6.427160501480102539e-01
6.496847271919250488e-01
6.567820906639099121e-01
6.640108823776245117e-01
6.713691353797912598e-01
6.788494586944580078e-01
6.864400506019592285e-01
6.941255331039428711e-01
7.018858790397644043e-01
7.097007632255554199e-01
7.175450921058654785e-01
7.253940105438232422e-01
7.332238554954528809e-01
7.410084009170532227e-01
7.487257719039916992e-01
7.563570141792297363e-01
7.638842463493347168e-01
7.712962031364440918e-01
7.785819768905639648e-01
7.857421636581420898e-01
7.927739620208740234e-01
7.996851205825805664e-01
8.064851760864257812e-01
8.131889700889587402e-01
8.198131322860717773e-01
8.263786435127258301e-01
8.329069614410400391e-01
8.394196629524230957e-01
8.459397554397583008e-01
8.524896502494812012e-01
8.590883612632751465e-01
8.657521009445190430e-01
8.724944591522216797e-01
8.793258070945739746e-01
8.862501978874206543e-01
8.932662606239318848e-01
9.003699421882629395e-01
9.075501561164855957e-01
9.147906899452209473e-01
9.220705628395080566e-01
9.293652772903442383e-01
9.366429448127746582e-01
9.438731670379638672e-01
9.510197043418884277e-01
9.580454230308532715e-01
9.649131894111633301e-01
9.715847373008728027e-01
9.780255556106567383e-01
9.842017292976379395e-01
9.900819659233093262e-01
9.956399798393249512e-01
1.000855088233947754e+00
1.005708694458007812e+00
1.010189294815063477e+00
1.014290690422058105e+00
1.018011808395385742e+00
1.021357059478759766e+00
1.024334907531738281e+00
1.026959180831909180e+00
1.029246449470520020e+00
1.031216025352478027e+00
1.032890677452087402e+00
1.034293532371520996e+00
1.035446047782897949e+00
1.036372423171997070e+00
1.037092804908752441e+00
1.037627696990966797e+00
1.037989377975463867e+00
1.038192987442016602e+00
1.038244962692260742e+00
1.038148164749145508e+00
1.037901401519775391e+00
1.037499785423278809e+00
1.036932587623596191e+00
1.036185145378112793e+00
1.035241365432739258e+00
1.034080147743225098e+00
1.032681226730346680e+00
1.031020879745483398e+00
1.029076576232910156e+00
1.026825547218322754e+00
1.024248719215393066e+00
1.021326780319213867e+00
1.018046736717224121e+00
1.014396786689758301e+00
1.010370492935180664e+00
1.005967259407043457e+00
1.001189947128295898e+00
9.960471987724304199e-01
9.905547499656677246e-01
9.847302436828613281e-01
9.785991907119750977e-01
9.721890687942504883e-01
9.655322432518005371e-01
9.586638212203979492e-01
9.516207575798034668e-01
9.444400668144226074e-01
9.371607303619384766e-01
9.298182129859924316e-01
9.224474430084228516e-01
9.150799512863159180e-01
9.077423214912414551e-01
9.004592895507812500e-01
8.932475447654724121e-01
8.861206769943237305e-01
8.790844082832336426e-01
8.721419572830200195e-01
8.652898669242858887e-01
8.585203289985656738e-01
8.518216013908386230e-01
8.451779484748840332e-01
8.385716676712036133e-01
8.319820761680603027e-01
8.253889679908752441e-01
8.187702894210815430e-01
8.121045231819152832e-01
8.053728938102722168e-01
7.985574603080749512e-01
7.916433811187744141e-01
7.846179604530334473e-01
7.774742245674133301e-01
7.702089548110961914e-01
7.628220915794372559e-01
7.553184628486633301e-01
7.477076649665832520e-01
7.400036454200744629e-01
7.322234511375427246e-01
7.243867516517639160e-01
7.165174484252929688e-01
7.086386084556579590e-01
7.007762789726257324e-01
6.929544210433959961e-01
6.851958632469177246e-01
6.775233149528503418e-01
6.699520945549011230e-01
6.624971032142639160e-01
6.551681160926818848e-01
6.479698419570922852e-01
6.408994793891906738e-01
6.339516639709472656e-01
6.271139979362487793e-01
6.203697323799133301e-01
6.136966347694396973e-01
6.070684790611267090e-01
6.004559397697448730e-01
5.938272476196289062e-01
5.871481895446777344e-01
5.803835988044738770e-01
5.734996795654296875e-01
5.664624571800231934e-01
5.592414736747741699e-01
5.518065094947814941e-01
5.441331267356872559e-01
5.361995697021484375e-01
5.279895663261413574e-01
5.194913744926452637e-01
5.106986165046691895e-01
5.016087889671325684e-01
4.922264218330383301e-01
4.825574755668640137e-01
4.726151823997497559e-01
4.624146819114685059e-01
4.519752860069274902e-01
4.413183331489562988e-01
4.304671287536621094e-01
4.194448590278625488e-01
4.082762002944946289e-01
3.969835638999938965e-01
3.855893611907958984e-01
3.741130232810974121e-01
3.625698685646057129e-01
3.509731888771057129e-01
3.393303751945495605e-01
3.276452422142028809e-01
3.159152269363403320e-01
3.041344285011291504e-01
2.922913432121276855e-01
2.803691029548645020e-01
2.683497071266174316e-01
2.562107443809509277e-01
2.439280897378921509e-01
2.314791232347488403e-01
2.188410311937332153e-01
2.059943825006484985e-01
1.929237991571426392e-01
1.796173006296157837e-01
1.660685688257217407e-01
1.522780209779739380e-01
1.382482796907424927e-01
1.239884644746780396e-01
1.095104962587356567e-01
9.482736885547637939e-02
7.995434105396270752e-02
6.490619480609893799e-02
4.969616234302520752e-02
3.433938324451446533e-02
1.884807646274566650e-02
3.236010670661926270e-03
