4.229098558425903320e-03
-1.141831278800964355e-02
-2.694484591484069824e-02
-4.233989119529724121e-02
-5.759415030479431152e-02
-7.270047068595886230e-02
-8.764776587486267090e-02
-1.024246513843536377e-01
-1.170144975185394287e-01
-1.313987076282501221e-01
-1.455592215061187744e-01
-1.594795882701873779e-01
-1.731497347354888916e-01
-1.865639388561248779e-01
-1.997270882129669189e-01
-2.126493155956268311e-01
-2.253485620021820068e-01
-2.378475368022918701e-01
-2.501725852489471436e-01
-2.623513638973236084e-01
-2.744095027446746826e-01
-2.863718569278717041e-01
-2.982600033283233643e-01
-3.100894987583160400e-01
-3.218722045421600342e-01
-3.336133062839508057e-01
-3.453148901462554932e-01
-3.569720685482025146e-01
-3.685764372348785400e-01
-3.801150023937225342e-01
-3.915718495845794678e-01
-4.029269516468048096e-01
-4.141595065593719482e-01
-4.252460896968841553e-01
-4.361632764339447021e-01
-4.468879401683807373e-01
-4.573960006237030029e-01
-4.676671326160430908e-01
-4.776823818683624268e-01
-4.874246418476104736e-01
-4.968811571598052979e-01
-5.060439109802246094e-01
-5.149070024490356445e-01
-5.234717130661010742e-01
-5.317420959472656250e-01
-5.397274494171142578e-01
-5.474436283111572266e-01
-5.549081563949584961e-01
-5.621445178985595703e-01
-5.691798925399780273e-01
-5.760440826416015625e-01
-5.827695131301879883e-01
-5.893906354904174805e-01
-5.959420204162597656e-01
-6.024584770202636719e-01
-6.089739799499511719e-01
-6.155197620391845703e-01
-6.221246719360351562e-01
-6.288139820098876953e-01
-6.356074810028076172e-01
-6.425213813781738281e-01
-6.495651006698608398e-01
-6.567432880401611328e-01
-6.640546321868896484e-01
-6.714913845062255859e-01
-6.790416240692138672e-01
-6.866880655288696289e-01
-6.944112777709960938e-01
-7.021877765655517578e-01
-7.099925279617309570e-01
-7.177999019622802734e-01
-7.255841493606567383e-01
-7.333217859268188477e-01
-7.409913539886474609e-01
-7.485737800598144531e-01
-7.560545206069946289e-01
-7.634220123291015625e-01
-7.706711292266845703e-01
-7.777997255325317383e-01
-7.848101854324340820e-01
-7.917095422744750977e-01
-7.985082864761352539e-01
-8.052202463150024414e-01
-8.118629455566406250e-01
-8.184543848037719727e-01
-8.250161409378051758e-01
-8.315680027008056641e-01
-8.381316661834716797e-01
-8.447264432907104492e-01
-8.513716459274291992e-01
-8.580824136734008789e-01
-8.648720979690551758e-01
-8.717495203018188477e-01
-8.787192106246948242e-01
-8.857816457748413086e-01
-8.929306268692016602e-01
-9.001559019088745117e-01
-9.074417352676391602e-01
-9.147669076919555664e-01
-9.221055507659912109e-01
-9.294272661209106445e-01
-9.366985559463500977e-01
-9.438837766647338867e-01
-9.509453773498535156e-01
-9.578443765640258789e-01
-9.645434617996215820e-01
-9.710065126419067383e-01
-9.771996736526489258e-01
-9.830929040908813477e-01
-9.886606931686401367e-01
-9.938803911209106445e-01
-9.987366199493408203e-01
-1.003217816352844238e+00
-1.007318973541259766e+00
-1.011039853096008301e+00
-1.014385700225830078e+00
-1.017366051673889160e+00
-1.019995093345642090e+00
-1.022289514541625977e+00
-1.024270176887512207e+00
-1.025959014892578125e+00
-1.027378916740417480e+00
-1.028552889823913574e+00
-1.029502749443054199e+00
-1.030248999595642090e+00
-1.030809521675109863e+00
-1.031198263168334961e+00
-1.031426668167114258e+00
-1.031500220298767090e+00
-1.031422257423400879e+00
-1.031189441680908203e+00
-1.030795454978942871e+00
-1.030229449272155762e+00
-1.029477119445800781e+00
-1.028521656990051270e+00
-1.027342677116394043e+00
-1.025918364524841309e+00
-1.024227499961853027e+00
-1.022247910499572754e+00
-1.019957184791564941e+00
-1.017336964607238770e+00
-1.014369368553161621e+00
-1.011041164398193359e+00
-1.007341623306274414e+00
-1.003266334533691406e+00
-9.988137483596801758e-01
-9.939893484115600586e-01
-9.888030290603637695e-01
-9.832690954208374023e-01
-9.774093627929687500e-01
-9.712476730346679688e-01
-9.648132324218750000e-01
-9.581388235092163086e-01
-9.512594938278198242e-01
-9.442111253738403320e-01
-9.370325803756713867e-01
-9.297596216201782227e-01
-9.224282503128051758e-01
-9.150725603103637695e-01
-9.077229499816894531e-01
-9.004050493240356445e-01
-8.931425809860229492e-01
-8.859528303146362305e-01
-8.788474798202514648e-01
-8.718339204788208008e-01
-8.649147748947143555e-01
-8.580868244171142578e-01
-8.513427972793579102e-01
-8.446699380874633789e-01
-8.380542993545532227e-01
-8.314762115478515625e-01
-8.249161243438720703e-01
-8.183523416519165039e-01
-8.117623329162597656e-01
-8.051251173019409180e-01
-7.984197139739990234e-01
-7.916277647018432617e-01
-7.847342491149902344e-01
-7.777270078659057617e-01
-7.705992460250854492e-01
-7.633473873138427734e-01
-7.559729814529418945e-01
-7.484823465347290039e-01
-7.408868074417114258e-01
-7.332012653350830078e-01
-7.254446744918823242e-01
-7.176389694213867188e-01
-7.098081111907958984e-01
-7.019776105880737305e-01
-6.941729784011840820e-01
-6.864182949066162109e-01
-6.787375211715698242e-01
-6.711496114730834961e-01
-6.636713743209838867e-01
-6.563154458999633789e-01
-6.490890979766845703e-01
-6.419947147369384766e-01
-6.350289583206176758e-01
-6.281834840774536133e-01
-6.214442253112792969e-01
-6.147924661636352539e-01
-6.082049608230590820e-01
-6.016547679901123047e-01
-5.951107740402221680e-01
-5.885406732559204102e-01
-5.819104909896850586e-01
-5.751841068267822266e-01
-5.683277845382690430e-01
-5.613074302673339844e-01
-5.540925264358520508e-01
-5.466539859771728516e-01
-5.389668941497802734e-01
-5.310109853744506836e-01
-5.227699279785156250e-01
-5.142333507537841797e-01
-5.053956508636474609e-01
-4.962563812732696533e-01
-4.868204891681671143e-01
-4.770972430706024170e-01
-4.671014845371246338e-01
-4.568502008914947510e-01
-4.463637769222259521e-01
-4.356657564640045166e-01
-4.247789084911346436e-01
-4.137282073497772217e-01
-4.025363028049468994e-01
-3.912264406681060791e-01
-3.798174560070037842e-01
-3.683277070522308350e-01
-3.567697703838348389e-01
-3.451543152332305908e-01
-3.334877192974090576e-01
-3.217714726924896240e-01
-3.100036084651947021e-01
-2.981780469417572021e-01
-2.862845957279205322e-01
-2.743101418018341064e-01
-2.622382342815399170e-01
-2.500496208667755127e-01
-2.377243936061859131e-01
-2.252410948276519775e-01
-2.125773131847381592e-01
-1.997127830982208252e-01
-1.866282522678375244e-01
-1.733081638813018799e-01
-1.597407758235931396e-01
-1.459197103977203369e-01
-1.318430006504058838e-01
-1.175179779529571533e-01
-1.029555499553680420e-01
-8.817419409751892090e-02
-7.319697737693786621e-02
-5.805256962776184082e-02
-4.277125000953674316e-02
-2.738657593727111816e-02
-1.193234324455261230e-02
3.559023141860961914e-03
1.905420422554016113e-02
3.452149033546447754e-02
4.992893338203430176e-02
6.524512171745300293e-02
8.043548464775085449e-02
9.546831250190734863e-02
1.103090345859527588e-01
1.249262392520904541e-01
1.392934024333953857e-01
1.533919870853424072e-01
1.672128736972808838e-01
1.807617247104644775e-01
1.940547525882720947e-01
2.071208059787750244e-01
2.199927866458892822e-01
2.327037751674652100e-01
2.452789843082427979e-01
2.577300369739532471e-01
2.700549662113189697e-01
2.822419106960296631e-01
2.942765057086944580e-01
3.061548173427581787e-01
3.178947865962982178e-01
3.295412957668304443e-01
3.411590158939361572e-01
3.528139889240264893e-01
3.645417392253875732e-01
3.763222992420196533e-01
3.880726993083953857e-01
3.996755778789520264e-01
4.110316932201385498e-01
4.221081435680389404e-01
4.329558908939361572e-01
4.436737000942230225e-01
4.543451368808746338e-01
4.649783372879028320e-01
4.754895865917205811e-01
4.857434332370758057e-01
4.956111311912536621e-01
5.050284266471862793e-01
5.140078067779541016e-01
5.226232409477233887e-01
5.309671163558959961e-01
5.391160249710083008e-01
5.471057891845703125e-01
5.549256801605224609e-01
5.625300407409667969e-01
5.698613524436950684e-01
5.768809318542480469e-01
5.835971832275390625e-01
5.900787115097045898e-01
5.964419841766357422e-01
6.028150320053100586e-01
6.092914938926696777e-01
6.158995628356933594e-01
6.226043701171875000e-01
6.293458938598632812e-01
6.360769867897033691e-01
6.427970528602600098e-01
6.495494842529296875e-01
6.564006805419921875e-01
6.634131669998168945e-01
6.706213951110839844e-01
6.780265569686889648e-01
6.855996847152709961e-01
6.932953596115112305e-01
7.010625600814819336e-01
7.088545560836791992e-01
7.166368961334228516e-01
7.243857979774475098e-01
7.320863604545593262e-01
7.397297620773315430e-01
7.473093867301940918e-01
7.548191547393798828e-01
7.622523307800292969e-01
7.696018218994140625e-01
7.768591642379760742e-01
7.840185165405273438e-01
7.910761833190917969e-01
7.980319261550903320e-01
8.048896789550781250e-01
8.116574287414550781e-01
8.183484077453613281e-01
8.249779939651489258e-01
8.315656185150146484e-01
8.381340503692626953e-01
8.447048664093017578e-01
8.513009548187255859e-01
8.579436540603637695e-01
8.646516799926757812e-01
8.714404106140136719e-01
8.783210515975952148e-01
8.853000402450561523e-01
8.923776149749755859e-01
8.995490074157714844e-01
9.068022966384887695e-01
9.141196012496948242e-01
9.214785099029541016e-01
9.288504123687744141e-01
9.362025260925292969e-01
9.434990882873535156e-01
9.507008790969848633e-01
9.577686786651611328e-01
9.646624326705932617e-01
9.713435173034667969e-01
9.777754545211791992e-01
9.839248657226562500e-01
9.897625446319580078e-01
9.952647686004638672e-01
1.000411272048950195e+00
1.005189657211303711e+00
1.009591579437255859e+00
1.013614296913146973e+00
1.017260670661926270e+00
1.020538210868835449e+00
1.023458957672119141e+00
1.026037693023681641e+00
1.028292417526245117e+00
1.030243396759033203e+00
1.031911492347717285e+00
1.033318758010864258e+00
1.034486413002014160e+00
1.035434603691101074e+00
1.036182045936584473e+00
1.036744117736816406e+00
1.037134885787963867e+00
1.037363648414611816e+00
1.037436127662658691e+00
1.037353992462158203e+00
1.037116289138793945e+00
1.036715865135192871e+00
1.036143183708190918e+00
1.035384535789489746e+00
1.034423589706420898e+00
1.033240556716918945e+00
1.031814932823181152e+00
1.030125021934509277e+00
1.028148293495178223e+00
1.025863409042358398e+00
1.023250102996826172e+00
1.020290851593017578e+00
1.016971826553344727e+00
1.013282418251037598e+00
1.009216904640197754e+00
1.004774212837219238e+00
9.999593496322631836e-01
9.947818517684936523e-01
9.892570972442626953e-01
9.834051132202148438e-01
9.772512912750244141e-01
9.708242416381835938e-01
9.641573429107666016e-01
9.572851657867431641e-01
9.502449035644531250e-01
9.430745840072631836e-01
9.358117580413818359e-01
9.284930229187011719e-01
9.211516380310058594e-01
9.138200283050537109e-01
9.065251350402832031e-01
8.992897272109985352e-01
8.921319246292114258e-01
8.850637674331665039e-01
8.780925273895263672e-01
8.712185621261596680e-01
8.644381761550903320e-01
8.577411174774169922e-01
8.511142730712890625e-01
8.445388078689575195e-01
8.379948139190673828e-01
8.314595222473144531e-01
8.249098062515258789e-01
8.183233737945556641e-01
8.116778135299682617e-01
8.049554824829101562e-01
7.981395721435546875e-01
7.912186384201049805e-01
7.841842174530029297e-01
7.770326137542724609e-01
7.697640657424926758e-01
7.623821496963500977e-01
7.548941373825073242e-01
7.473109960556030273e-01
7.396457195281982422e-01
7.319140434265136719e-01
7.241340875625610352e-01
7.163274288177490234e-01
7.085148096084594727e-01
7.007204294204711914e-01
6.929675340652465820e-01
6.852794885635375977e-01
6.776781082153320312e-01
6.701828241348266602e-01
6.628090143203735352e-01
6.555665731430053711e-01
6.484597921371459961e-01
6.414856910705566406e-01
6.346343755722045898e-01
6.278893947601318359e-01
6.212288141250610352e-01
6.146237850189208984e-01
6.080430746078491211e-01
6.014519929885864258e-01
5.948160886764526367e-01
5.881006717681884766e-01
5.812741518020629883e-01
5.743062496185302734e-01
5.671722888946533203e-01
5.598484277725219727e-01
5.523141622543334961e-01
5.445492267608642578e-01
5.365337133407592773e-01
5.282440185546875000e-01
5.196533203125000000e-01
5.107349157333374023e-01
5.014611482620239258e-01
4.918146431446075439e-01
4.817980825901031494e-01
4.714439213275909424e-01
4.608219563961029053e-01
4.500273764133453369e-01
4.391485154628753662e-01
4.282197654247283936e-01
4.171966612339019775e-01
4.059868156909942627e-01
3.945204913616180420e-01
3.828093111515045166e-01
3.709440529346466064e-01
3.590448200702667236e-01
3.472046554088592529e-01
3.354586660861968994e-01
3.237785398960113525e-01
3.120937645435333252e-01
3.003182113170623779e-01
2.883824408054351807e-01
2.762520015239715576e-01
2.639378011226654053e-01
2.514838874340057373e-01
2.389448583126068115e-01
2.263571321964263916e-01
2.137164771556854248e-01
2.009671032428741455e-01
1.880118548870086670e-01
1.747412979602813721e-01
1.610794365406036377e-01
1.470244824886322021e-01
1.326558887958526611e-01
1.180900037288665771e-01
1.034155189990997314e-01
8.865901827812194824e-02
7.379201054573059082e-02
5.876174569129943848e-02
4.352042078971862793e-02
2.804937958717346191e-02
1.237222552299499512e-02
-3.433853387832641602e-03
