7.992446422577074300e-03
7.945533329998182709e-03
7.831457311289515000e-03
7.663916213072483052e-03
7.471655303856197805e-03
7.288599561721245679e-03
7.132193955989615808e-03
6.992656540579914037e-03
6.840575996592143659e-03
6.641371900382608828e-03
6.378689724347519352e-03
6.059387975355545741e-03
5.708898226985420488e-03
5.360172773248406131e-03
5.042791018248393708e-03
4.775401911535304134e-03
4.564324222956883670e-03
4.397492423198534617e-03
4.249341902303582774e-03
4.090500398795771098e-03
3.903028271710573538e-03
3.691814053993769384e-03
3.487432559041214741e-03
3.328664375427003996e-03
3.244745665327952722e-03
3.232556129443897586e-03
3.257226105640276259e-03
3.269086979489022049e-03
3.231452024541781043e-03
3.135081759520208511e-03
2.994930690104091742e-03
2.835307821858701338e-03
2.677568937400620630e-03
2.533120961718926534e-03
2.405235037211517213e-03
2.289076334580919525e-03
2.170829708091071009e-03
2.026732026149946631e-03
1.831721448326828483e-03
1.573722587059123157e-03
1.265298583290053180e-03
9.416275188415257347e-04
6.489692478098829653e-04
4.165542235577968100e-04
2.422193532755079204e-04
8.981773955663019393e-05
-8.396041765978967675e-05
-3.027165630500316951e-04
-5.564387687716498831e-04
-8.151957863684611283e-04
-1.049761334331433815e-03
-1.242850298983522173e-03
-1.386057346871805152e-03
-1.475685251565161948e-03
-1.513702287205598296e-03
-1.511687233603620228e-03
-1.493621325698413216e-03
-1.486131617346009293e-03
-1.507487674710539238e-03
-1.553892811890555947e-03
-1.599252355451774577e-03
-1.608618167540099009e-03
-1.557851298374157700e-03
-1.451775227729545925e-03
-1.323734207617999203e-03
-1.225865172957085747e-03
-1.198254197393167075e-03
-1.249073191356253609e-03
-1.345552341754263637e-03
-1.435770022270133062e-03
-1.476974090850458055e-03
-1.463259478803990987e-03
-1.420446099829164588e-03
-1.386688396822544078e-03
-1.391928384532059582e-03
-1.444640131935348570e-03
-1.536224244499062586e-03
-1.642765118031408456e-03
-1.735111646104736671e-03
-1.788837542446741757e-03
-1.793742505360018669e-03
-1.759257223927002123e-03
-1.706779286155590825e-03
-1.657271078131961062e-03
-1.616005652563812234e-03
-1.579798435599633066e-03
-1.545529574930037953e-03
-1.515167158391506064e-03
-1.492136841313773665e-03
-1.462913286583988892e-03
-1.403334017237578557e-03
-1.287320477797226914e-03
-1.111007292350918441e-03
-9.045242115697238461e-04
-7.233764831837685705e-04
-6.265437403341067579e-04
-6.463808717218633149e-04
-7.674845992061696265e-04
-9.303779882674501067e-04
-1.055307893184864731e-03
-1.076717639044932895e-03
-9.766436110190124253e-04
-7.955769343060969945e-04
-6.199372201223241063e-04
-5.453589080661735977e-04
-6.387284508612145473e-04
-9.059789217319424992e-04
-1.290123511141549884e-03
-1.692006823772462809e-03
-2.012112998624693283e-03
-2.189595067667471362e-03
-2.229792464793156626e-03
-2.194760466674106070e-03
-2.180642667826804271e-03
-2.269860167410486795e-03
-2.497551475164394574e-03
-2.834437731855876663e-03
-3.201279912824039897e-03
-3.501834665963210469e-03
-3.666502330318621716e-03
-3.680627966273108953e-03
-3.593909151178964478e-03
-3.493963848704595421e-03
-3.471734578334384480e-03
-3.577921601315647848e-03
-3.803168068046147710e-03
-4.081452164024890195e-03
-4.319032406616907238e-03
-4.436907264702361076e-03
-4.405816769409875988e-03
-4.260504516930163632e-03
-4.084740409965093022e-03
-3.976319046994358786e-03
-4.004838521205478230e-03
-4.181086193675298546e-03
-4.454361803156503541e-03
-4.733007574427627873e-03
-4.926782939449481091e-03
-4.985036646554030781e-03
-4.919324193829899272e-03
-4.797576312178142288e-03
-4.713890586492519574e-03
-4.749413390066736795e-03
-4.930800977763327708e-03
-5.224822188475863882e-03
-5.548102248728703501e-03
-5.805272424387553087e-03
-5.930403136869433212e-03
-5.915353533977651956e-03
-5.813043165987852312e-03
-5.714047197183713678e-03
-5.706196140375485726e-03
-5.835747969040294691e-03
-6.085444727446764901e-03
-6.382201079813909494e-03
-6.627521563594807041e-03
-6.740708613471202426e-03
-6.691284684566700669e-03
-6.514617947984246982e-03
-6.294146472070050180e-03
-6.124286145159585359e-03
-6.070474366249634102e-03
-6.142153949004192093e-03
-6.286823634787608306e-03
-6.417847235282936325e-03
-6.453135831190781602e-03
-6.353618975123431767e-03
-6.142712366479341490e-03
-5.898231392400310469e-03
-5.721109312322170126e-03
-5.690674991189914600e-03
-5.831993793876222298e-03
-6.103639357703083412e-03
-6.415390661261843874e-03
-6.665051266441346378e-03
-6.781783011280406726e-03
-6.754875508594881950e-03
-6.634575953396448789e-03
-6.512185506273304725e-03
-6.477059437184351509e-03
-6.580446122550931420e-03
-6.816568346962315061e-03
-7.126848886241154979e-03
-7.430003330599510569e-03
-7.659621896338064673e-03
-7.791961451765416768e-03
-7.853359779631974291e-03
-7.901801096794280888e-03
-7.993556396777568018e-03
-8.153496428203288460e-03
-8.363268941198098716e-03
-8.577502059553876457e-03
-8.755598946082465694e-03
-8.889779244605766628e-03
-9.010994895023438644e-03
-9.160943893095518931e-03
-9.356558454389762858e-03
-9.575724324341727822e-03
-9.779420276639583243e-03
-9.944269129553151565e-03
-1.007603452226224494e-02
-1.019167323366476641e-02
-1.029298962546254526e-02
-1.036047281107455031e-02
-1.037115952353817594e-02
-1.031837272177416054e-02
-1.022220090952663529e-02
-1.011578534783097449e-02
-1.002624591675149723e-02
-9.958430598084544449e-03
-9.893454436214588199e-03
-9.803897642065795281e-03
-9.671761607570550368e-03
-9.499095667341972415e-03
-9.305900499351982269e-03
-9.112126334002934591e-03
-8.924532673576512920e-03
-8.733410610725467205e-03
-8.528400278663028633e-03
-8.313422144840099115e-03
-8.106501167305768529e-03
-7.920484059706356383e-03
-7.749608293171894591e-03
-7.574634699291871165e-03
-7.379880403419802892e-03
-7.169510617625107773e-03
-6.963157707875755609e-03
-6.780210503510908371e-03
-6.626738988794511620e-03
-6.492127276797821089e-03
-6.359029654552705857e-03
-6.217402671825689175e-03
-6.069791383012002051e-03
-5.929188655731609803e-03
-5.807792584391457957e-03
-5.706288706321283044e-03
-5.617621638262793038e-03
-5.535053685982227467e-03
-5.460195126962941181e-03
-5.402226433613099843e-03
-5.368789828862075009e-03
-5.356046595773794605e-03
-5.351037135361974562e-03
-5.342109417074608624e-03
-5.325799067249892271e-03
-5.311449713090665714e-03
-5.309691709139585658e-03
-5.325750654396610440e-03
-5.355338987157384767e-03
-5.389493155770336275e-03
-5.421348896412284124e-03
-5.451476026505169825e-03
-5.486156051734754346e-03
-5.531032221757402334e-03
-5.587425773961464393e-03
-5.652670329059583665e-03
-5.724489688873291016e-03
-5.803878838573472976e-03
-5.894604379313071740e-03
-5.998502833403120127e-03
-6.113742286583116747e-03
-6.235564302474322362e-03
-6.360909852595894587e-03
-6.488282036490405913e-03
-6.619144741251428710e-03
-6.755216771903438389e-03
-6.897071319958925084e-03
-7.045576625486604794e-03
-7.200534264811875307e-03
-7.360743070489478290e-03
-7.524132380247766649e-03
-7.689920029439828442e-03
-7.855811916743393741e-03
-8.020977988383970469e-03
-8.182771620320994366e-03
-8.337092920463085033e-03
-8.479234478985742118e-03
-8.605978597145513831e-03
-8.717799742726461965e-03
-8.817477298858233947e-03
-8.908379011885458887e-03
-8.991616512286859653e-03
-9.064923878619901565e-03
-9.125481747250030473e-03
-9.170578039251142677e-03
-9.202178946562333817e-03
-9.223377650553199469e-03
-9.238634810078749648e-03
-9.253093744376827967e-03
-9.269041867785765554e-03
-9.285756811503398378e-03
-9.300847536668155335e-03
-9.311525756827532252e-03
-9.316737710048816901e-03
-9.319078111076961601e-03
-9.317260013053829670e-03
-9.309899070045313252e-03
-9.293728367992915018e-03
-9.270125463477607575e-03
-9.246505509873603756e-03
-9.230122948246100023e-03
-9.222202993462769172e-03
-9.215079423038341488e-03
-9.199157883818531722e-03
-9.169429933163053548e-03
-9.132044566262043084e-03
-9.099061926929663535e-03
-9.080137734311044539e-03
-9.075690299459870936e-03
-9.078091966299717264e-03
-9.081559763422952791e-03
-9.085780188881620312e-03
-9.090792679581016777e-03
-9.097924760064768357e-03
-9.105000118257877695e-03
-9.109199324492500693e-03
-9.111404287462043783e-03
-9.114138218263123647e-03
-9.119963185268309402e-03
-9.125009383018745091e-03
-9.121562556755669071e-03
-9.102427673722490731e-03
-9.065606028284323159e-03
-9.014369801807697868e-03
-8.956216438000264013e-03
-8.895681870582428097e-03
-8.839695850097917251e-03
-8.793269375566126200e-03
-8.764616785454926173e-03
-8.756651237118995290e-03
-8.769531061420976492e-03
-8.799967793479579470e-03
-8.845295549965270787e-03
-8.903263496012669975e-03
-8.972445555280872398e-03
-9.047525296298375430e-03
-9.120523604106534066e-03
-9.185347649730113417e-03
-9.239911750068663387e-03
-9.290314027763812987e-03
-9.345765358788615806e-03
-9.409569526283467766e-03
-9.477395801961940869e-03
-9.538812238428784340e-03
-9.586995715601398516e-03
-9.623967874151984070e-03
-9.661255006352398311e-03
-9.714147226975722305e-03
-9.789847772041171403e-03
-9.889280910805653413e-03
-1.000480392529368157e-02
-1.013626696675817840e-02
-1.028689911942770596e-02
-1.045994431391017443e-02
-1.064257905061216647e-02
-1.081215569552951283e-02
-1.095066521160203976e-02
-1.106087202923966561e-02
-1.116320097020440105e-02
-1.127297755191114526e-02
-1.138725255738792796e-02
-1.148992269125881371e-02
-1.156843876473034882e-02
-1.162501091879020176e-02
-1.167946076655945742e-02
-1.174708280597136500e-02
-1.183072868568924019e-02
-1.191433013576226330e-02
-1.197880682840035682e-02
-1.201772015947444316e-02
-1.204288397321451320e-02
-1.207769152105142574e-02
-1.213300382698201396e-02
-1.220520945942937807e-02
-1.228004475908583970e-02
-1.234652390716917125e-02
-1.241167244876595355e-02
-1.248670875348412146e-02
-1.257592521989892020e-02
-1.266062015799374052e-02
-1.270272949121364903e-02
-1.266344951618236792e-02
-1.252082559171241449e-02
-1.228872897643973339e-02
-1.200896790314431861e-02
-1.172558429260184276e-02
-1.146057817044776606e-02
-1.120170520771068823e-02
-1.091411331079372715e-02
-1.056968921927303739e-02
-1.017361961687179850e-02
-9.771836393254629272e-03
-9.437639093053062922e-03
-9.241479542239972034e-03
-9.213504994681542826e-03
-9.327378000383967915e-03
-9.507776852494709274e-03
-9.657981361749667926e-03
-9.700421433541661642e-03
-9.611540254536699024e-03
-9.432138775727016977e-03
-9.246426235615778921e-03
-9.150784647298237928e-03
-9.206554031710001418e-03
-9.414543869739500082e-03
-9.710032891446562786e-03
-9.988617654958731329e-03
-1.014834134665443255e-02
-1.013156150590477367e-02
-9.944151601288586662e-03
-9.654786224873701528e-03
-9.361722420627605068e-03
-9.152869915886929775e-03
-9.069554300876414565e-03
-9.091368170332736476e-03
-9.151920384314338186e-03
-9.167166262677217681e-03
-9.077390452323363945e-03
-8.865878372925628526e-03
-8.563912029580178498e-03
-8.227013986030429216e-03
-7.902166025803847305e-03
-7.604715947667206599e-03
-7.316910493475825561e-03
-7.008916015131538835e-03
-6.667716104242993325e-03
-6.307561188162003063e-03
-5.955241942970590507e-03
-5.624587780816314719e-03
-5.313909360863178222e-03
-5.019366458168139644e-03
-4.748377892650146315e-03
-4.516541632365811409e-03
-4.336731801120152774e-03
-4.204848833631813498e-03
-4.097698615641687248e-03
-3.985609652138122350e-03
-3.843722371116409242e-03
-3.666837026844671499e-03
-3.467692687619594594e-03
-3.269485769677338283e-03
-3.095959404710413310e-03
-2.961903014862432570e-03
-2.872572911384652095e-03
-2.823077304547005895e-03
-2.800049142170690786e-03
-2.786197096552145425e-03
-2.764069748307895757e-03
-2.726937846672772281e-03
-2.683535422142169224e-03
-2.656316296535510268e-03
-2.668551536896934806e-03
-2.729594576005744955e-03
-2.831280508879707725e-03
-2.945813755037995918e-03
-3.042629292688170395e-03
-3.099274182114308829e-03
-3.111129805886125865e-03
-3.089862452021918671e-03
-3.059036122946556802e-03
-3.042806178518597804e-03
-3.057565216916136031e-03
-3.107781848041391015e-03
-3.183381808388618950e-03
-3.267556821438311054e-03
-3.343657185729265180e-03
-3.404401417819946651e-03
-3.454201913903776067e-03
-3.512905026035517686e-03
-3.607727300187657526e-03
-3.761166170112129059e-03
-3.977888123699480083e-03
-4.239272334358168415e-03
-4.504959807822783713e-03
-4.730593346977951530e-03
-4.887546359111982763e-03
-4.972426826469089622e-03
-5.007167345628282806e-03
-5.031534895305056487e-03
-5.082232804828057393e-03
-5.177924181083926047e-03
-5.308721766103086104e-03
-5.443847125345346871e-03
-5.549069872923528823e-03
-5.601898944936234415e-03
-5.601297520260506424e-03
-5.564581509540422743e-03
-5.517470384586553589e-03
-5.484628611342357019e-03
-5.481226516845849606e-03
-5.510294993428421773e-03
-5.559167970161482675e-03
-5.600747368848024710e-03
-5.601716562430580915e-03
-5.544014391469842540e-03
-5.435447707316742871e-03
-5.309948526774632693e-03
-5.206432900228541438e-03
-5.148678669692346999e-03
-5.132483030206413943e-03
-5.137915532360121107e-03
-5.141893678327957851e-03
-5.123833137890665412e-03
-5.068643743339151797e-03
-4.969615999414492280e-03
-4.838216852851032201e-03
-4.709145936579936520e-03
-4.618728708297714647e-03
-4.579280311485592336e-03
-4.569898707427258455e-03
-4.560354406016077500e-03
-4.529948765789822834e-03
-4.469156265258959065e-03
