1.605063676834276015e-03
1.637961203609632904e-03
1.665803844111170273e-03
1.678805214918796529e-03
1.678530866524044485e-03
1.672322105437676343e-03
1.664987716289298425e-03
1.652348589606403295e-03
1.627285543634990339e-03
1.585020477119059024e-03
1.527497488400864079e-03
1.456687503477493983e-03
1.372749726542915605e-03
1.274482990152092654e-03
1.161217341185405427e-03
1.040932497777979915e-03
9.260865081894276152e-04
8.264291430929437965e-04
7.435457082270446882e-04
6.686871492077584023e-04
5.925564985629905301e-04
5.113996157460887204e-04
4.333203630725868116e-04
3.702176343228780198e-04
3.275453384083970576e-04
2.989645252111094997e-04
2.664736470678885638e-04
2.175377832457359162e-04
1.529019242152429570e-04
8.019470316950050304e-05
9.363835627163030750e-06
-6.240178621930159153e-05
-1.450388182603901122e-04
-2.425779385038517866e-04
-3.499598652085267325e-04
-4.520518716721322328e-04
-5.357874088370295773e-04
-6.016837968328414554e-04
-6.621666913979029623e-04
-7.328281541365555540e-04
-8.173473098068706477e-04
-9.084410503418238747e-04
-9.900988788685838315e-04
-1.054726828077945378e-03
-1.110031222743779189e-03
-1.173860334326426447e-03
-1.259304407985717411e-03
-1.359685728852033648e-03
-1.459806764987470196e-03
-1.550419079672904488e-03
-1.640026131542127175e-03
-1.742873664004274126e-03
-1.863788574746561011e-03
-1.990609777779761558e-03
-2.103609456547639311e-03
-2.188319161093854603e-03
-2.247441268172778450e-03
-2.298960158148011246e-03
-2.360132118222502129e-03
-2.440273484345389932e-03
-2.527713907118034342e-03
-2.599843410154845103e-03
-2.635622485202770982e-03
-2.630397473518120144e-03
-2.598379536139727719e-03
-2.565241145704888481e-03
-2.551816075597512778e-03
-2.560852213573050484e-03
-2.576090233142203090e-03
-2.577735411521842046e-03
-2.560646137511835008e-03
-2.535249015089391378e-03
-2.519019307684389197e-03
-2.520785972963901500e-03
-2.537589261759842785e-03
-2.559664221748580992e-03
-2.580199597740029382e-03
-2.594591690449621346e-03
-2.603014878679199562e-03
-2.606076826962122617e-03
-2.611220208454501091e-03
-2.627518084370117357e-03
-2.659797951469311528e-03
-2.701842477820681765e-03
-2.738063090460540749e-03
-2.757288193137474863e-03
-2.768080443918075062e-03
-2.794700067784816611e-03
-2.856785183446342025e-03
-2.947843801873295533e-03
-3.036084051569853948e-03
-3.080645425154404649e-03
-3.061569292625576644e-03
-2.994680289908346893e-03
-2.930596083861258805e-03
-2.927104214729858711e-03
-3.019778222033142612e-03
-3.199294501397331736e-03
-3.411540536332635654e-03
-3.578432111171925278e-03
-3.635604643897227817e-03
-3.563187171047088597e-03
-3.397856120554876291e-03
-3.221977987792001841e-03
-3.128683817276378676e-03
-3.181402992334603219e-03
-3.386068586191171015e-03
-3.685812998598825274e-03
-3.984580275768312418e-03
-4.185000323911558517e-03
-4.232544267343985034e-03
-4.133684028208683969e-03
-3.957865859130160757e-03
-3.803438726481589427e-03
-3.756876845266932108e-03
-3.855464492437343793e-03
-4.072426203840739944e-03
-4.329238210553532085e-03
-4.530730044076003438e-03
-4.606467578426531873e-03
-4.542868757593909734e-03
-4.387485391718515260e-03
-4.228889118785161827e-03
-4.155638272487216511e-03
-4.218790741940647848e-03
-4.407678375358159428e-03
-4.654968056053698788e-03
-4.866083836365442394e-03
-4.961785766594450919e-03
-4.910668110657434582e-03
-4.746759209007800351e-03
-4.553232917899663335e-03
-4.425857277890354879e-03
-4.432323033534579793e-03
-4.582940708750982139e-03
-4.824983484369882447e-03
-5.066555166590713810e-03
-5.215746257320574841e-03
-5.221905504891433125e-03
-5.095992360944157085e-03
-4.906295184248454788e-03
-4.747746024724941449e-03
-4.701252837088221170e-03
-4.796809736308249583e-03
-5.001304770568149038e-03
-5.234224189341496469e-03
-5.401987397837260119e-03
-5.440393352170946883e-03
-5.343566176647329691e-03
-5.166153956240537859e-03
-5.000758413156614068e-03
-4.936044525232663460e-03
-5.019700777420421645e-03
-5.234230795409411385e-03
-5.506787661997747385e-03
-5.738756705348957432e-03
-5.848367476538829379e-03
-5.804784802822315903e-03
-5.640992669511346591e-03
-5.438998633477520883e-03
-5.292384118029458406e-03
-5.264798382820679024e-03
-5.362942427855510452e-03
-5.534076575919200103e-03
-5.689418871482887496e-03
-5.746284348799424180e-03
-5.664291258296039189e-03
-5.466616880792085631e-03
-5.230957394139812422e-03
-5.058126848485500204e-03
-5.027096480905490772e-03
-5.162931656272462533e-03
-5.424325221197956459e-03
-5.721532991431521609e-03
-5.951285645256043644e-03
-6.042029764973033679e-03
-5.981982079792391716e-03
-5.821151366146692929e-03
-5.648335389543568397e-03
-5.553723884968775337e-03
-5.589042066001859155e-03
-5.748631926521641233e-03
-5.976419637431340526e-03
-6.193981811892235179e-03
-6.337054433416922095e-03
-6.384755393263219503e-03
-6.365091404235245776e-03
-6.335450636741790653e-03
-6.352044479663310206e-03
-6.438015146922770882e-03
-6.576083272252786216e-03
-6.721353816603437004e-03
-6.835912151801459835e-03
-6.915256177131401394e-03
-6.989026530307862473e-03
-7.095583346983458384e-03
-7.247567308302116373e-03
-7.421314438935233682e-03
-7.580783744809749258e-03
-7.710465857305837112e-03
-7.823098159042030098e-03
-7.940405800498262501e-03
-8.062881841191305021e-03
-8.169346464486415549e-03
-8.232187241128507971e-03
-8.242283339602529679e-03
-8.215372124584008340e-03
-8.182031857382976447e-03
-8.165925348666780437e-03
-8.169277975861644059e-03
-8.173204783352039371e-03
-8.150464795996459344e-03
-8.084132289333245680e-03
-7.979475248793388431e-03
-7.858699724205497894e-03
-7.742948038867436544e-03
-7.636595509269872295e-03
-7.526327147056643962e-03
-7.395941830252994453e-03
-7.245813549945689935e-03
-7.093728845604718725e-03
-6.958137267485287047e-03
-6.840309634800922911e-03
-6.725536732144044016e-03
-6.601235126396487463e-03
-6.469960704218735703e-03
-6.349438482945946038e-03
-6.258103617600874191e-03
-6.200357162393754784e-03
-6.167073346515228316e-03
-6.142456177761324021e-03
-6.116223787319463590e-03
-6.091457671387856543e-03
-6.079660581467083436e-03
-6.088262240382058543e-03
-6.114610325355096521e-03
-6.145092942202612374e-03
-6.166177467186451100e-03
-6.174884620142262470e-03
-6.177593455173768788e-03
-6.179800427998427548e-03
-6.178262868127920582e-03
-6.160319199799840773e-03
-6.114466404074120343e-03
-6.038014967671034849e-03
-5.940695947984464542e-03
-5.833407920458555385e-03
-5.722836797890262783e-03
-5.606274541661779298e-03
-5.476992774300609712e-03
-5.331137266544730413e-03
-5.172049451798138575e-03
-5.009289091209241651e-03
-4.852254527055253897e-03
-4.706767147405067908e-03
-4.574928944553358079e-03
-4.458159208297729492e-03
-4.360582167659776687e-03
-4.285070354120810998e-03
-4.233102662123212900e-03
-4.200343782325914599e-03
-4.180485557586016698e-03
-4.171243819804756892e-03
-4.173923086829151030e-03
-4.193623129084070311e-03
-4.235937053504390537e-03
-4.300842005154847936e-03
-4.385331922193758114e-03
-4.481578986415268862e-03
-4.579322124368262470e-03
-4.668324837446863329e-03
-4.741129240789315746e-03
-4.794129930888291202e-03
-4.827450528285703868e-03
-4.843033966588694561e-03
-4.841965957801341869e-03
-4.823234580075219657e-03
-4.785767901878790198e-03
-4.729146321324484425e-03
-4.656268430831500549e-03
-4.571217232481772363e-03
-4.477726961124139926e-03
-4.380803461978666213e-03
-4.286091230968902543e-03
-4.198924816213422950e-03
-4.124965897627397293e-03
-4.064029401117774665e-03
-4.014079079259047500e-03
-3.969708229163815272e-03
-3.926349731021239187e-03
-3.880479797724711855e-03
-3.833522087678287171e-03
-3.791509801856218775e-03
-3.763402758648060065e-03
-3.757636927986751640e-03
-3.773879037330563069e-03
-3.803174950858911885e-03
-3.833883301922358378e-03
-3.858142927161689606e-03
-3.878570806046699460e-03
-3.903434658603766039e-03
-3.936045862267700812e-03
-3.971897240726329770e-03
-4.001752068694020004e-03
-4.014939462276823079e-03
-4.003482115853107537e-03
-3.961976012317847129e-03
-3.882374291317880477e-03
-3.756333381124909998e-03
-3.580636369375889139e-03
-3.364461050501810213e-03
-3.125613734566434765e-03
-2.884518646988243340e-03
-2.653053334436106248e-03
-2.432438949587223398e-03
-2.219796458128975303e-03
-2.015054094438362142e-03
-1.822344395020936147e-03
-1.648699776607420731e-03
-1.498773897941840794e-03
-1.374150828850395634e-03
-1.275324535752520028e-03
-1.202561289514791909e-03
-1.156212643909748650e-03
-1.133583648388447607e-03
-1.129435074928131222e-03
-1.139133372986100845e-03
-1.159523705247522685e-03
-1.192561922478851955e-03
-1.237465694058692556e-03
-1.293082048664628836e-03
-1.356718567863124392e-03
-1.426543833351501256e-03
-1.505611823649388725e-03
-1.596370764326282554e-03
-1.699405083743443790e-03
-1.810013922404873909e-03
-1.921627614177134902e-03
-2.029895499458311825e-03
-2.135193654991596190e-03
-2.241070515496379478e-03
-2.346419120399678704e-03
-2.443988113821071728e-03
-2.523941594813061684e-03
-2.576297397119953203e-03
-2.601467836005011414e-03
-2.605018739262554561e-03
-2.594432013200087539e-03
-2.570473592201083513e-03
-2.523040886239003022e-03
-2.440140038269755784e-03
-2.319058199820922539e-03
-2.170117407849336821e-03
-2.010628289129900992e-03
-1.850476713728621547e-03
-1.687280626864962052e-03
-1.516263222618885464e-03
-1.345016907627116787e-03
-1.190867062123346365e-03
-1.065026483032971427e-03
-9.605524421840705429e-04
-8.581229933828371514e-04
-7.423875295313742129e-04
-6.145429126561685607e-04
-4.924438026007171842e-04
-3.951397899191189111e-04
-3.272110579731757340e-04
-2.753907551165113432e-04
-2.220886696784329928e-04
-1.581243838701951177e-04
-9.179506788004054840e-05
-4.005667150308589441e-05
-1.168405616902568056e-05
1.940999860172709646e-06
2.199629468613295558e-05
6.304392577760609129e-05
1.234227660777964530e-04
1.857155629221285409e-04
2.295366636460016707e-04
2.453351566424899488e-04
2.402999124728744107e-04
2.315385438151906783e-04
2.296808093495972258e-04
2.262198684699345819e-04
1.950831146169118568e-04
1.128518341071416131e-04
-1.982423368018793042e-05
-1.721041106037546342e-04
-2.923271932400162143e-04
-3.375982692608303637e-04
-2.986796983537320926e-04
-2.116089991506253654e-04
-1.419371124622426095e-04
-1.523672604406556275e-04
-2.720930226356443882e-04
-4.746577397638507279e-04
-6.878391465010569306e-04
-8.214735645084569882e-04
-8.063355494474233609e-04
-6.284050311480271489e-04
-3.365295876471829928e-04
-2.648175853448009320e-05
1.963561417337444936e-04
2.603920933205161603e-04
1.602270576896991372e-04
-4.615302007815458296e-05
-2.575633489284578914e-04
-3.747293242545302050e-04
-3.394720436245002304e-04
-1.572477431037722084e-04
1.056531710308394878e-04
3.521657477073558695e-04
4.962280035771815534e-04
4.984216970483901221e-04
3.782601637126736804e-04
2.007040320369801734e-04
4.443356413552645989e-05
-3.536583989660613270e-05
-2.996662213217149429e-05
2.219665495961642421e-05
5.928333528915086248e-05
3.258310063047886729e-05
-7.182133630856402107e-05
-2.311103225773880609e-04
-4.037080950570759441e-04
-5.680747811533937153e-04
-7.319042972928624380e-04
-9.156692272113131637e-04
-1.125986821038482688e-03
-1.346266576744525878e-03
-1.551866248359790035e-03
-1.728985402263183424e-03
-1.880585821818936409e-03
-2.016740212527623477e-03
-2.146521635603249045e-03
-2.267836021037195060e-03
-2.374257685280212193e-03
-2.461907891288528383e-03
-2.532143404255560171e-03
-2.592696502316860219e-03
-2.646796045708832423e-03
-2.692793587449671122e-03
-2.722232738220586867e-03
-2.726481927040169673e-03
-2.705358131115609410e-03
-2.666713551808141958e-03
-2.621032625879538003e-03
-2.574467373277378179e-03
-2.525235728752850406e-03
-2.469018305595538365e-03
-2.402162091213244643e-03
-2.325169178345909415e-03
-2.240776884202766439e-03
-2.151549139861153037e-03
-2.058956245424958809e-03
-1.965275338372984848e-03
-1.875650429520314688e-03
-1.794940039955950084e-03
-1.726823435298285858e-03
-1.670426713614281411e-03
-1.619506865927045069e-03
-1.568521981137327437e-03
-1.513417204944467187e-03
-1.455204737770943169e-03
-1.397401486965654804e-03
-1.344815423186540571e-03
-1.300238247959106808e-03
-1.260035730432096379e-03
-1.217768574314326280e-03
-1.164592515489171198e-03
-1.096659734717841950e-03
-1.013331906505876567e-03
-9.184591553420551335e-04
-8.219590048290092987e-04
-7.308534616477513346e-04
-6.535304174921097164e-04
-5.919026679913064193e-04
-5.417363706679556579e-04
-4.944591373247098076e-04
-4.429350810579157915e-04
-3.846974621813381567e-04
-3.184718938954445022e-04
-2.449809964238380822e-04
-1.689162169176694483e-04
-9.952596481843656306e-05
-4.852881298511579899e-05
-2.069389433656532162e-05
-1.190855597327233895e-05
-8.302860991404870106e-06
2.639221069189456870e-06
2.387706467704697744e-05
4.682768489833177838e-05
5.576322265893329799e-05
4.185982116011732757e-05
4.969420862310780507e-06
-4.903556360946748072e-05
-1.174898971664783964e-04
-1.985698554897719070e-04
-2.880688998711800064e-04
-3.755853422944266384e-04
-4.514109299278701304e-04
-5.149639183487098038e-04
-5.742404045074867014e-04
-6.334025209575600002e-04
-6.829989587803370066e-04
-7.050817725135077874e-04
-6.901537509872851528e-04
-6.439631691284031234e-04
-5.753681010211147973e-04
-4.833148546593141193e-04
-3.656477276255745701e-04
-2.355235166900913890e-04
-1.168549060823229302e-04
