5.986267924308776855e-01
5.965629220008850098e-01
5.937920808792114258e-01
5.902772545814514160e-01
5.859789848327636719e-01
5.808570981025695801e-01
5.748742222785949707e-01
5.679904222488403320e-01
5.601665973663330078e-01
5.513648986816406250e-01
5.415482521057128906e-01
5.306810140609741211e-01
5.187286138534545898e-01
5.056605339050292969e-01
4.914467632770538330e-01
4.760624766349792480e-01
4.594855308532714844e-01
4.416970610618591309e-01
4.226862490177154541e-01
4.024455845355987549e-01
3.809741437435150146e-01
3.582766354084014893e-01
3.343655467033386230e-01
3.092619776725769043e-01
2.829934358596801758e-01
2.555972039699554443e-01
2.271161675453186035e-01
1.976068913936614990e-01
1.671271920204162598e-01
1.357504129409790039e-01
1.035538911819458008e-01
7.062432169914245605e-02
3.705286979675292969e-02
2.940833568572998047e-03
-3.160995244979858398e-02
-6.648838520050048828e-02
-1.015843152999877930e-01
-1.367832720279693604e-01
-1.719705462455749512e-01
-2.070302367210388184e-01
-2.418513596057891846e-01
-2.763206362724304199e-01
-3.103317022323608398e-01
-3.437817394733428955e-01
-3.765725195407867432e-01
-4.086117446422576904e-01
-4.398136734962463379e-01
-4.700995683670043945e-01
-4.993981719017028809e-01
-5.276488661766052246e-01
-5.547977089881896973e-01
-5.808016061782836914e-01
-6.056292057037353516e-01
-6.292611956596374512e-01
-6.516935229301452637e-01
-6.729372143745422363e-01
-6.930208802223205566e-01
-7.119942307472229004e-01
-7.299265265464782715e-01
-7.469124794006347656e-01
-7.630704045295715332e-01
-7.785456776618957520e-01
-7.935081124305725098e-01
-8.081536889076232910e-01
-8.226978182792663574e-01
-8.373742103576660156e-01
-8.524261116981506348e-01
-8.680959343910217285e-01
-8.846121430397033691e-01
-9.021774530410766602e-01
-9.209464192390441895e-01
-9.410113692283630371e-01
-9.623848795890808105e-01
-9.849886298179626465e-01
-1.008646488189697266e+00
-1.033088445663452148e+00
-1.057970285415649414e+00
-1.082892894744873047e+00
-1.107446432113647461e+00
-1.131247520446777344e+00
-1.153985023498535156e+00
-1.175456047058105469e+00
-1.195593833923339844e+00
-1.214485168457031250e+00
-1.232363462448120117e+00
-1.249595880508422852e+00
-1.266653537750244141e+00
-1.284063577651977539e+00
-1.302363634109497070e+00
-1.322041273117065430e+00
-1.343481063842773438e+00
-1.366907119750976562e+00
-1.392344951629638672e+00
-1.419596910476684570e+00
-1.448242425918579102e+00
-1.477665424346923828e+00
-1.507101297378540039e+00
-1.535710573196411133e+00
-1.562652111053466797e+00
-1.587154865264892578e+00
-1.608582735061645508e+00
-1.626475572586059570e+00
-1.640577554702758789e+00
-1.650847911834716797e+00
-1.657452583312988281e+00
-1.660748958587646484e+00
-1.661252260208129883e+00
-1.659585714340209961e+00
-1.656424522399902344e+00
-1.652424335479736328e+00
-1.648160457611083984e+00
-1.644063949584960938e+00
-1.640384912490844727e+00
-1.637176036834716797e+00
-1.634293794631958008e+00
-1.631426572799682617e+00
-1.628132343292236328e+00
-1.623888969421386719e+00
-1.618147134780883789e+00
-1.610383510589599609e+00
-1.600145578384399414e+00
-1.587103128433227539e+00
-1.571074247360229492e+00
-1.552051782608032227e+00
-1.530210971832275391e+00
-1.505897283554077148e+00
-1.479604005813598633e+00
-1.451932430267333984e+00
-1.423540353775024414e+00
-1.395090103149414062e+00
-1.367201328277587891e+00
-1.340412855148315430e+00
-1.315155029296875000e+00
-1.291740894317626953e+00
-1.270365476608276367e+00
-1.251119136810302734e+00
-1.234003067016601562e+00
-1.218950748443603516e+00
-1.205845117568969727e+00
-1.194539308547973633e+00
-1.184868574142456055e+00
-1.176663160324096680e+00
-1.169757843017578125e+00
-1.163995265960693359e+00
-1.159230232238769531e+00
-1.155333042144775391e+00
-1.152187824249267578e+00
-1.149693250656127930e+00
-1.147763490676879883e+00
-1.146322965621948242e+00
-1.145308732986450195e+00
-1.144668102264404297e+00
-1.144357204437255859e+00
-1.144339561462402344e+00
-1.144584655761718750e+00
-1.145068407058715820e+00
-1.145772218704223633e+00
-1.146678924560546875e+00
-1.147777557373046875e+00
-1.149057865142822266e+00
-1.150512218475341797e+00
-1.152134656906127930e+00
-1.153921842575073242e+00
-1.155868530273437500e+00
-1.157973051071166992e+00
-1.160231590270996094e+00
-1.162640571594238281e+00
-1.165196180343627930e+00
-1.167893171310424805e+00
-1.170723438262939453e+00
-1.173677206039428711e+00
-1.176740884780883789e+00
-1.179895877838134766e+00
-1.183116912841796875e+00
-1.186372041702270508e+00
-1.189617633819580078e+00
-1.192798614501953125e+00
-1.195841789245605469e+00
-1.198656797409057617e+00
-1.201127529144287109e+00
-1.203109502792358398e+00
-1.204425811767578125e+00
-1.204863309860229492e+00
-1.204171180725097656e+00
-1.202065944671630859e+00
-1.198240041732788086e+00
-1.192384243011474609e+00
-1.184221029281616211e+00
-1.173551082611083984e+00
-1.160314559936523438e+00
-1.144647359848022461e+00
-1.126926898956298828e+00
-1.107780694961547852e+00
-1.088044404983520508e+00
-1.068666934967041016e+00
-1.050582885742187500e+00
-1.034580707550048828e+00
-1.021205663681030273e+00
-1.010713815689086914e+00
-1.003077983856201172e+00
-9.980334639549255371e-01
-9.951425194740295410e-01
-9.938542246818542480e-01
-9.935628771781921387e-01
-9.936526417732238770e-01
-9.935302138328552246e-01
-9.926595091819763184e-01
-9.905936121940612793e-01
-9.870066046714782715e-01
-9.817293286323547363e-01
-9.747778773307800293e-01
-9.663655161857604980e-01
-9.568926692008972168e-01
-9.469081759452819824e-01
-9.370463490486145020e-01
-9.279465079307556152e-01
-9.201793670654296875e-01
-9.141871333122253418e-01
-9.102546572685241699e-01
-9.084923863410949707e-01
-9.088454842567443848e-01
-9.110991358757019043e-01
-9.148890376091003418e-01
-9.197074174880981445e-01
-9.249089360237121582e-01
-9.297367930412292480e-01
-9.333633780479431152e-01
-9.349543452262878418e-01
-9.337605834007263184e-01
-9.292106032371520996e-01
-9.209942221641540527e-01
-9.091045856475830078e-01
-8.938289284706115723e-01
-8.756687045097351074e-01
-8.552129864692687988e-01
-8.329969048500061035e-01
-8.094355463981628418e-01
-7.849166989326477051e-01
-7.599800229072570801e-01
-7.352349758148193359e-01
-7.108177542686462402e-01
-6.860888600349426270e-01
-6.604295372962951660e-01
-6.340371966361999512e-01
-6.072906851768493652e-01
-5.800434947013854980e-01
-5.520629286766052246e-01
-5.232941508293151855e-01
-4.933966994285583496e-01
-4.616059660911560059e-01
-4.271743893623352051e-01
-3.897475600242614746e-01
-3.493363261222839355e-01
-3.061484694480895996e-01
-2.605420947074890137e-01
-2.130650877952575684e-01
-1.644548773765563965e-01
-1.155813336372375488e-01
-6.735581159591674805e-02
-2.064663171768188477e-02
2.380520105361938477e-02
6.545108556747436523e-02
1.039802432060241699e-01
1.393261551856994629e-01
1.716426014900207520e-01
2.012606263160705566e-01
2.286401391029357910e-01
2.543163895606994629e-01
2.788568139076232910e-01
3.028102517127990723e-01
3.266691565513610840e-01
3.508298993110656738e-01
3.755634427070617676e-01
4.009883999824523926e-01
4.270580410957336426e-01
4.535531401634216309e-01
4.800851941108703613e-01
5.061145424842834473e-01
5.309811234474182129e-01
5.539588332176208496e-01
5.743257403373718262e-01
5.914506316184997559e-01
6.048814654350280762e-01
6.144158244132995605e-01
6.201430559158325195e-01
6.224403381347656250e-01
6.219236850738525391e-01
6.193689107894897461e-01
6.156137585639953613e-01
6.114655137062072754e-01
6.076256632804870605e-01
6.046494841575622559e-01
6.029226183891296387e-01
6.026721596717834473e-01
6.039826273918151855e-01
6.068311333656311035e-01
6.111140251159667969e-01
6.166764497756958008e-01
6.233363747596740723e-01
6.309029459953308105e-01
6.391880512237548828e-01
6.480167508125305176e-01
6.572300195693969727e-01
6.666883826255798340e-01
6.762726306915283203e-01
6.858824491500854492e-01
6.954353451728820801e-01
7.048653960227966309e-01
7.141192555427551270e-01
7.231583595275878906e-01
7.319513559341430664e-01
7.404788136482238770e-01
7.487261891365051270e-01
7.566862702369689941e-01
7.643566131591796875e-01
7.717382907867431641e-01
7.788351178169250488e-01
7.856543660163879395e-01
7.922044992446899414e-01
7.984953522682189941e-01
8.045377731323242188e-01
8.103435635566711426e-01
8.159238696098327637e-01
8.212921023368835449e-01
8.264592289924621582e-01
8.314383029937744141e-01
8.362403512001037598e-01
8.408774733543395996e-01
8.453603982925415039e-01
8.496998548507690430e-01
8.539062738418579102e-01
8.579897284507751465e-01
8.619590401649475098e-01
8.658233880996704102e-01
8.695912957191467285e-01
8.732703328132629395e-01
8.768681883811950684e-01
8.803918361663818359e-01
8.838474154472351074e-01
8.872417807579040527e-01
8.905795216560363770e-01
8.938670754432678223e-01
8.971090912818908691e-01
9.003095626831054688e-01
9.034729003906250000e-01
9.066042304039001465e-01
9.097065329551696777e-01
9.127840995788574219e-01
9.158402085304260254e-01
9.188795089721679688e-01
9.219051003456115723e-01
9.249218106269836426e-01
9.279338717460632324e-01
9.309470057487487793e-01
9.339676499366760254e-01
9.370030760765075684e-01
9.400622844696044922e-01
9.431570768356323242e-01
9.463007450103759766e-01
9.495097398757934570e-01
9.528055191040039062e-01
9.562123417854309082e-01
9.597634077072143555e-01
9.634961485862731934e-01
9.674578905105590820e-01
9.717059731483459473e-01
9.763090610504150391e-01
9.813501834869384766e-01
9.869276881217956543e-01
9.931575655937194824e-01
1.000175476074218750e+00
1.008135795593261719e+00
1.017214536666870117e+00
1.027605533599853516e+00
1.039516806602478027e+00
1.053164482116699219e+00
1.068759679794311523e+00
1.086494922637939453e+00
1.106523752212524414e+00
1.128931522369384766e+00
1.153712987899780273e+00
1.180738925933837891e+00
1.209738254547119141e+00
1.240283727645874023e+00
1.271793127059936523e+00
1.303559541702270508e+00
1.334793329238891602e+00
1.364683628082275391e+00
1.392469882965087891e+00
1.417515277862548828e+00
1.439359903335571289e+00
1.457761764526367188e+00
1.472707271575927734e+00
1.484404325485229492e+00
1.493248939514160156e+00
1.499780178070068359e+00
1.504623413085937500e+00
1.508425235748291016e+00
1.511794567108154297e+00
1.515235662460327148e+00
1.519098997116088867e+00
1.523536920547485352e+00
1.528487920761108398e+00
1.533679485321044922e+00
1.538656234741210938e+00
1.542831897735595703e+00
1.545553922653198242e+00
1.546165943145751953e+00
1.544074058532714844e+00
1.538791179656982422e+00
1.529976367950439453e+00
1.517454147338867188e+00
1.501231193542480469e+00
1.481504917144775391e+00
1.458657264709472656e+00
1.433246374130249023e+00
1.405975103378295898e+00
1.377639532089233398e+00
1.349070310592651367e+00
1.321056127548217773e+00
1.294270038604736328e+00
1.269206523895263672e+00
1.246145963668823242e+00
1.225141286849975586e+00
1.206033229827880859e+00
1.188483238220214844e+00
1.172030210494995117e+00
1.156142473220825195e+00
1.140277862548828125e+00
1.123936414718627930e+00
1.106710433959960938e+00
1.088314056396484375e+00
1.068605065345764160e+00
1.047594070434570312e+00
1.025430202484130859e+00
1.002383232116699219e+00
9.788044691085815430e-01
9.550909399986267090e-01
9.316389560699462891e-01
9.088084101676940918e-01
8.868942856788635254e-01
8.661060929298400879e-01
8.465597629547119141e-01
8.282787203788757324e-01
8.112061619758605957e-01
7.952154874801635742e-01
7.801286578178405762e-01
7.657331824302673340e-01
7.517982721328735352e-01
7.380866408348083496e-01
7.243659496307373047e-01
7.104168534278869629e-01
6.960404515266418457e-01
6.810566186904907227e-01
6.653140783309936523e-01
6.486831307411193848e-01
6.310611367225646973e-01
6.123668551445007324e-01
5.925437808036804199e-01
5.715543627738952637e-01
5.493776202201843262e-01
5.260132551193237305e-01
5.014725923538208008e-01
4.757828712463378906e-01
4.489818215370178223e-01
4.211192131042480469e-01
3.922527134418487549e-01
3.624522089958190918e-01
3.317939341068267822e-01
3.003621697425842285e-01
2.682472467422485352e-01
2.355476617813110352e-01
2.023651897907257080e-01
1.688072681427001953e-01
1.349844932556152344e-01
1.010108590126037598e-01
6.700158119201660156e-02
3.307044506072998047e-02
-6.672143936157226562e-04
-3.409844636917114258e-02
-6.711566448211669922e-02
-9.961307048797607422e-02
-1.314907073974609375e-01
-1.626555025577545166e-01
-1.930207610130310059e-01
-2.225083410739898682e-01
-2.510450184345245361e-01
-2.785713374614715576e-01
-3.050310611724853516e-01
-3.303792178630828857e-01
-3.545784652233123779e-01
-3.776009678840637207e-01
-3.994254767894744873e-01
-4.200380742549896240e-01
-4.394345283508300781e-01
-4.576143026351928711e-01
-4.745847582817077637e-01
-4.903563857078552246e-01
-5.049484372138977051e-01
-5.183820724487304688e-01
-5.306813120841979980e-01
-5.418758988380432129e-01
-5.519974827766418457e-01
-5.610791444778442383e-01
-5.691559910774230957e-01
-5.762661099433898926e-01
-5.824465751647949219e-01
-5.877362489700317383e-01
-5.921741127967834473e-01
-5.957995653152465820e-01
-5.986509323120117188e-01
-6.007680892944335938e-01
-6.021874547004699707e-01
