5.151033401489257812e-03
-1.057338714599609375e-02
-2.620565891265869141e-02
-4.165172576904296875e-02
-5.686748027801513672e-02
-7.186526060104370117e-02
-8.669954538345336914e-02
-1.014353036880493164e-01
-1.161050796508789062e-01
-1.306799054145812988e-01
-1.450770497322082520e-01
-1.591891050338745117e-01
-1.729382276535034180e-01
-1.863045692443847656e-01
-1.993330717086791992e-01
-2.121126651763916016e-01
-2.247350811958312988e-01
-2.372695207595825195e-01
-2.497423291206359863e-01
-2.621338367462158203e-01
-2.743934988975524902e-01
-2.864661812782287598e-01
-2.983200550079345703e-01
-3.099652528762817383e-01
-3.214668035507202148e-01
-3.329250812530517578e-01
-3.444409966468811035e-01
-3.560677170753479004e-01
-3.677787184715270996e-01
-3.794745206832885742e-01
-3.910310268402099609e-01
-4.023595452308654785e-01
-4.134448766708374023e-01
-4.243373870849609375e-01
-4.351132512092590332e-01
-4.458265304565429688e-01
-4.564797878265380859e-01
-4.670193195343017578e-01
-4.773546457290649414e-01
-4.873862862586975098e-01
-4.970348477363586426e-01
-5.062667131423950195e-01
-5.151026248931884766e-01
-5.236124992370605469e-01
-5.318930149078369141e-01
-5.400239229202270508e-01
-5.480250120162963867e-01
-5.558456778526306152e-01
-5.634058713912963867e-01
-5.706561207771301270e-01
-5.776100158691406250e-01
-5.843318104743957520e-01
-5.909079313278198242e-01
-5.974186062812805176e-01
-6.039282679557800293e-01
-6.104815006256103516e-01
-6.171084046363830566e-01
-6.238262653350830078e-01
-6.306452155113220215e-01
-6.375706791877746582e-01
-6.446041464805603027e-01
-6.517454981803894043e-01
-6.589929461479187012e-01
-6.663429737091064453e-01
-6.737905144691467285e-01
-6.813276410102844238e-01
-6.889448761940002441e-01
-6.966295838356018066e-01
-7.043672204017639160e-01
-7.121396660804748535e-01
-7.199283838272094727e-01
-7.277117967605590820e-01
-7.354686260223388672e-01
-7.431769371032714844e-01
-7.508165836334228516e-01
-7.583689689636230469e-01
-7.658193111419677734e-01
-7.731552124023437500e-01
-7.803692817687988281e-01
-7.874588966369628906e-01
-7.944265604019165039e-01
-8.012788295745849609e-01
-8.080286979675292969e-01
-8.146915435791015625e-01
-8.212873935699462891e-01
-8.278384208679199219e-01
-8.343689441680908203e-01
-8.409036397933959961e-01
-8.474662303924560547e-01
-8.540790081024169922e-01
-8.607614040374755859e-01
-8.675284385681152344e-01
-8.743910789489746094e-01
-8.813538551330566406e-01
-8.884156942367553711e-01
-8.955700397491455078e-01
-9.028036594390869141e-01
-9.100980758666992188e-01
-9.174301624298095703e-01
-9.247725009918212891e-01
-9.320938587188720703e-01
-9.393613338470458984e-01
-9.465407133102416992e-01
-9.535957574844360352e-01
-9.604918956756591797e-01
-9.671949148178100586e-01
-9.736719131469726562e-01
-9.798917770385742188e-01
-9.858268499374389648e-01
-9.914510250091552734e-01
-9.967434406280517578e-01
-1.001686096191406250e+00
-1.006264686584472656e+00
-1.010471940040588379e+00
-1.014303565025329590e+00
-1.017759919166564941e+00
-1.020848989486694336e+00
-1.023579955101013184e+00
-1.025969266891479492e+00
-1.028035640716552734e+00
-1.029801368713378906e+00
-1.031289935111999512e+00
-1.032526731491088867e+00
-1.033535122871398926e+00
-1.034339189529418945e+00
-1.034959077835083008e+00
-1.035411357879638672e+00
-1.035709500312805176e+00
-1.035860538482666016e+00
-1.035867810249328613e+00
-1.035729646682739258e+00
-1.035437345504760742e+00
-1.034980297088623047e+00
-1.034342885017395020e+00
-1.033505678176879883e+00
-1.032448291778564453e+00
-1.031147599220275879e+00
-1.029581189155578613e+00
-1.027726173400878906e+00
-1.025561094284057617e+00
-1.023066997528076172e+00
-1.020226955413818359e+00
-1.017028570175170898e+00
-1.013461828231811523e+00
-1.009522676467895508e+00
-1.005209922790527344e+00
-1.000528812408447266e+00
-9.954874515533447266e-01
-9.901009798049926758e-01
-9.843870401382446289e-01
-9.783689975738525391e-01
-9.720740318298339844e-01
-9.655315876007080078e-01
-9.587755203247070312e-01
-9.518401622772216797e-01
-9.447630643844604492e-01
-9.375799894332885742e-01
-9.303282499313354492e-01
-9.230419397354125977e-01
-9.157543182373046875e-01
-9.084948301315307617e-01
-9.012871980667114258e-01
-8.941532373428344727e-01
-8.871061801910400391e-01
-8.801553249359130859e-01
-8.733031749725341797e-01
-8.665471076965332031e-01
-8.598774671554565430e-01
-8.532817363739013672e-01
-8.467411994934082031e-01
-8.402354717254638672e-01
-8.337421417236328125e-01
-8.272370100021362305e-01
-8.206981420516967773e-01
-8.141031265258789062e-01
-8.074331283569335938e-01
-8.006718158721923828e-01
-7.938072681427001953e-01
-7.868301868438720703e-01
-7.797362804412841797e-01
-7.725241184234619141e-01
-7.651979923248291016e-01
-7.577633857727050781e-01
-7.502304315567016602e-01
-7.426121234893798828e-01
-7.349232435226440430e-01
-7.271811962127685547e-01
-7.194056510925292969e-01
-7.116161584854125977e-01
-7.038349509239196777e-01
-6.960829496383666992e-01
-6.883819103240966797e-01
-6.807518601417541504e-01
-6.732116937637329102e-01
-6.657776832580566406e-01
-6.584615707397460938e-01
-6.512722969055175781e-01
-6.442112922668457031e-01
-6.372755765914916992e-01
-6.304544210433959961e-01
-6.237299442291259766e-01
-6.170772314071655273e-01
-6.104640960693359375e-01
-6.038535833358764648e-01
-5.972043275833129883e-01
-5.904737710952758789e-01
-5.836206674575805664e-01
-5.766077041625976562e-01
-5.694054365158081055e-01
-5.619938373565673828e-01
-5.543625354766845703e-01
-5.465093851089477539e-01
-5.384359359741210938e-01
-5.301415920257568359e-01
-5.216110348701477051e-01
-5.128071308135986328e-01
-5.036706924438476562e-01
-4.941380023956298828e-01
-4.841834902763366699e-01
-4.738634824752807617e-01
-4.633144140243530273e-01
-4.526735544204711914e-01
-4.419984817504882812e-01
-4.312512874603271484e-01
-4.203488230705261230e-01
-4.092243909835815430e-01
-3.978585004806518555e-01
-3.862850069999694824e-01
-3.745756149291992188e-01
-3.628188371658325195e-01
-3.510924577713012695e-01
-3.394414186477661133e-01
-3.278613090515136719e-01
-3.162966370582580566e-01
-3.046563863754272461e-01
-2.928477525711059570e-01
-2.808117270469665527e-01
-2.685517072677612305e-01
-2.561290264129638672e-01
-2.436258792877197266e-01
-2.310975790023803711e-01
-2.185323238372802734e-01
-2.058508396148681641e-01
-1.929387450218200684e-01
-1.796938180923461914e-01
-1.660641729831695557e-01
-1.520619988441467285e-01
-1.377541720867156982e-01
-1.232313215732574463e-01
-1.085757911205291748e-01
-9.383219480514526367e-02
-7.899647951126098633e-02
-6.402456760406494141e-02
-4.885777831077575684e-02
-3.346180915832519531e-02
-1.785695552825927734e-02
-2.130687236785888672e-03
1.358288526535034180e-02
2.914941310882568359e-02
4.447764158248901367e-02
5.954903364181518555e-02
7.440596818923950195e-02
8.911776542663574219e-02
1.037367582321166992e-01
1.182671785354614258e-01
1.326570510864257812e-01
1.468155384063720703e-01
1.606496572494506836e-01
1.740992069244384766e-01
1.871671080589294434e-01
1.999188065528869629e-01
2.124627232551574707e-01
2.249058485031127930e-01
2.373144030570983887e-01
2.496955394744873047e-01
2.620006799697875977e-01
2.741596698760986328e-01
2.861171364784240723e-01
2.978646755218505859e-01
3.094487190246582031e-01
3.209555149078369141e-01
3.324820995330810547e-01
3.440939188003540039e-01
3.557980656623840332e-01
3.675367832183837891e-01
3.792088031768798828e-01
3.907071352005004883e-01
4.019628763198852539e-01
4.129674434661865234e-01
4.237688779830932617e-01
4.344424009323120117e-01
4.450461864471435547e-01
4.555832147598266602e-01
4.659889936447143555e-01
4.761517643928527832e-01
4.859576225280761719e-01
4.953345060348510742e-01
5.042756795883178711e-01
5.128368139266967773e-01
5.211064815521240234e-01
5.291709899902343750e-01
5.370815396308898926e-01
5.448425412178039551e-01
5.524136424064636230e-01
5.597348809242248535e-01
5.667622089385986328e-01
5.735007524490356445e-01
5.800215601921081543e-01
5.864449739456176758e-01
5.929030776023864746e-01
5.994936227798461914e-01
6.062470078468322754e-01
6.131274104118347168e-01
6.200623512268066406e-01
6.269828081130981445e-01
6.338626146316528320e-01
6.407341957092285156e-01
6.476796269416809082e-01
6.548002362251281738e-01
6.621721386909484863e-01
6.698124408721923828e-01
6.776671409606933594e-01
6.856316328048706055e-01
6.935927271842956543e-01
7.014711499214172363e-01
7.092455625534057617e-01
7.169479131698608398e-01
7.246398925781250000e-01
7.323707342147827148e-01
7.401534318923950195e-01
7.479463219642639160e-01
7.556625008583068848e-01
7.631978988647460938e-01
7.704666852951049805e-01
7.774391174316406250e-01
7.841529846191406250e-01
7.907041311264038086e-01
7.972046732902526855e-01
8.037364482879638672e-01
8.103203773498535156e-01
8.169111609458923340e-01
8.234327435493469238e-01
8.298253417015075684e-01
8.360833525657653809e-01
8.422663807868957520e-01
8.484796285629272461e-01
8.548297882080078125e-01
8.613904118537902832e-01
8.681766986846923828e-01
8.751500844955444336e-01
8.822351098060607910e-01
8.893469572067260742e-01
8.964233398437500000e-01
9.034392833709716797e-01
9.104198813438415527e-01
9.174250364303588867e-01
9.245214462280273438e-01
9.317364692687988281e-01
9.390250444412231445e-01
9.462647438049316406e-01
9.533033967018127441e-01
9.600241184234619141e-01
9.663947820663452148e-01
9.724558591842651367e-01
9.782679080963134766e-01
9.838630557060241699e-01
9.892255663871765137e-01
9.943041801452636719e-01
9.990391731262207031e-01
1.003380179405212402e+00
1.007298707962036133e+00
1.010787487030029297e+00
1.013859033584594727e+00
1.016539096832275391e+00
1.018859267234802246e+00
1.020855903625488281e+00
1.022565722465515137e+00
1.024022102355957031e+00
1.025255203247070312e+00
1.026289820671081543e+00
1.027146577835083008e+00
1.027839422225952148e+00
1.028377652168273926e+00
1.028766393661499023e+00
1.029004573822021484e+00
1.029087305068969727e+00
1.029006242752075195e+00
1.028749704360961914e+00
1.028303146362304688e+00
1.027650117874145508e+00
1.026772737503051758e+00
1.025651693344116211e+00
1.024267911911010742e+00
1.022601723670959473e+00
1.020634651184082031e+00
1.018349647521972656e+00
1.015729665756225586e+00
1.012761831283569336e+00
1.009435057640075684e+00
1.005741357803344727e+00
1.001676559448242188e+00
9.972398281097412109e-01
9.924356937408447266e-01
9.872727394104003906e-01
9.817642569541931152e-01
9.759283065795898438e-01
9.697897434234619141e-01
9.633757472038269043e-01
9.567181468009948730e-01
9.498536586761474609e-01
9.428200721740722656e-01
9.356584548950195312e-01
9.284088611602783203e-01
9.211111664772033691e-01
9.138036966323852539e-01
9.065185785293579102e-01
8.992854356765747070e-01
8.921250104904174805e-01
8.850536346435546875e-01
8.780778646469116211e-01
8.711965084075927734e-01
8.644022941589355469e-01
8.576804399490356445e-01
8.510124683380126953e-01
8.443776369094848633e-01
8.377549648284912109e-01
8.311269283294677734e-01
8.244823217391967773e-01
8.178168535232543945e-01
8.111338615417480469e-01
8.044387102127075195e-01
7.977348566055297852e-01
7.910122871398925781e-01
7.842367887496948242e-01
7.773517370223999023e-01
7.702890634536743164e-01
7.630006074905395508e-01
7.554923295974731445e-01
7.478421926498413086e-01
7.401680946350097656e-01
7.325701713562011719e-01
7.250795364379882812e-01
7.176492214202880859e-01
7.101907730102539062e-01
7.026283740997314453e-01
6.949379444122314453e-01
6.871590614318847656e-01
6.793810129165649414e-01
6.717116832733154297e-01
6.642388105392456055e-01
6.570049524307250977e-01
6.499913930892944336e-01
6.431301832199096680e-01
6.363341808319091797e-01
6.295346021652221680e-01
6.227101087570190430e-01
6.158942580223083496e-01
6.091560125350952148e-01
6.025565266609191895e-01
5.961128473281860352e-01
5.897733569145202637e-01
5.834259986877441406e-01
5.769339203834533691e-01
5.701792836189270020e-01
5.630996227264404297e-01
5.556976795196533203e-01
5.480265021324157715e-01
5.401546955108642578e-01
5.321240425109863281e-01
5.239251852035522461e-01
5.154956579208374023e-01
5.067429542541503906e-01
4.975866079330444336e-01
4.879930615425109863e-01
4.779966473579406738e-01
4.676899909973144531e-01
4.571892023086547852e-01
4.465901255607604980e-01
4.359333515167236328e-01
4.251945614814758301e-01
4.143081307411193848e-01
4.032077789306640625e-01
3.918629884719848633e-01
3.802987337112426758e-01
3.685883283615112305e-01
3.568311929702758789e-01
3.451159000396728516e-01
3.334882259368896484e-01
3.219315409660339355e-01
3.103703856468200684e-01
2.987024188041687012e-01
2.868365049362182617e-01
2.747361660003662109e-01
2.624300122261047363e-01
2.499887943267822266e-01
2.374836802482604980e-01
2.249443531036376953e-01
2.123415470123291016e-01
1.996001005172729492e-01
1.866209506988525391e-01
1.733105778694152832e-01
1.596149802207946777e-01
1.455440521240234375e-01
1.311792135238647461e-01
1.166338920593261719e-01
1.019977331161499023e-01
8.729767799377441406e-02
7.250258326530456543e-02
5.755484104156494141e-02
4.239970445632934570e-02
2.701693773269653320e-02
1.143336296081542969e-02
-4.264235496520996094e-03
