5.151033401489427815e-03
5.171056324993299896e-03
5.154076272623743515e-03
5.105684859312717427e-03
5.045448238273922414e-03
4.996383737594048413e-03
4.970095071407096277e-03
4.957217526145099584e-03
4.935432735636333113e-03
4.885478669944376406e-03
4.798034149548935368e-03
4.680643134733597499e-03
4.545087735423530839e-03
4.407869363671990115e-03
4.286825308562114412e-03
4.198160729208033626e-03
4.156866871272313357e-03
4.161875262401415476e-03
4.194088396596795665e-03
4.224551244895624613e-03
4.229065678631960257e-03
4.202983487587519384e-03
4.167342741994095601e-03
4.161937309386964934e-03
4.216360979811595300e-03
4.332559848773731570e-03
4.477690812061174697e-03
4.603754185299568924e-03
4.676685846410677527e-03
4.693802825041448745e-03
4.676139300638759710e-03
4.647885069478330244e-03
4.619428659538071802e-03
4.589063973956475362e-03
4.552194342021087525e-03
4.508097654923937103e-03
4.455952579489996790e-03
4.389042912533003271e-03
4.292499207878830436e-03
4.153352008293254016e-03
3.973614432594252399e-03
3.772907750317355813e-03
3.582173421851631012e-03
3.424323808213558529e-03
3.296182537632197374e-03
3.173583246301014960e-03
3.034614201633423214e-03
2.877668072875261274e-03
2.712041532131670429e-03
2.539353621590523247e-03
2.353961905567247825e-03
2.164985661404661421e-03
2.006579429098653833e-03
1.927859174399193520e-03
1.960294828883268892e-03
2.093916938149309459e-03
2.270292782577953972e-03
2.405753663263121567e-03
2.425942043307038887e-03
2.300977984313057334e-03
2.062976228837776205e-03
1.794509025910828726e-03
1.595890061336535659e-03
1.543238962944282200e-03
1.655544356835125797e-03
1.886927795792914253e-03
2.144135863031637612e-03
2.326788262653756156e-03
2.367936237042123082e-03
2.262698186042855220e-03
2.065747180664434524e-03
1.868342140916467997e-03
1.754752932000669396e-03
1.766337707150844594e-03
1.882095148335372059e-03
2.029535798087844789e-03
2.116288782692099524e-03
2.074001716227624748e-03
1.888314314436034813e-03
1.607613930789342227e-03
1.323401602458584847e-03
1.132700535930175612e-03
1.094460204353442379e-03
1.207745382286740110e-03
1.410062558037994407e-03
1.606367850868872793e-03
1.709539680898819469e-03
1.678509313318699014e-03
1.535481090052193132e-03
1.354538667303950561e-03
1.228270654240692927e-03
1.226505415604872695e-03
1.363598744788974138e-03
1.592850799874367951e-03
1.825377732056709945e-03
1.968582888541625664e-03
1.967819243481994107e-03
1.829549378302375295e-03
1.618733854841680753e-03
1.430861445041453628e-03
1.350562310143299527e-03
1.413443039829376247e-03
1.590695019276666677e-03
1.802693566773427847e-03
1.950824010482410387e-03
1.961762596044303031e-03
1.818489786306387579e-03
1.567144345456350507e-03
1.295199158435789144e-03
1.094898319582093826e-03
1.019936239552987622e-03
1.064675461232233999e-03
1.166941498657925180e-03
1.233630594197121511e-03
1.186374764535313986e-03
9.958767551212499569e-04
6.934419831099436493e-04
3.639123097711749466e-04
1.037695057897192186e-04
-1.655230285280140379e-05
1.486000980110979697e-05
1.474744013723050529e-04
2.885469087416936418e-04
3.457045009502834887e-04
2.632401265896255893e-04
4.872249591869604046e-05
-2.324226230092651946e-04
-4.875266311652470819e-04
-6.355614395070485756e-04
-6.458365676886845819e-04
-5.507114261098511321e-04
-4.295451737590383345e-04
-3.778674326144759732e-04
-4.620576450458102613e-04
-6.903997770493219832e-04
-1.010882265192636353e-03
-1.331370497096084904e-03
-1.562100741878680310e-03
-1.653137003609694844e-03
-1.617226873273258647e-03
-1.524566058271892288e-03
-1.471159492132168012e-03
-1.538630385305994608e-03
-1.756257597026023021e-03
-2.091048384764926382e-03
-2.459151137888859751e-03
-2.765435540842631212e-03
-2.941528224607470321e-03
-2.978930709118032816e-03
-2.928118754214170671e-03
-2.878594640573606256e-03
-2.917354415979733773e-03
-3.088867914566417738e-03
-3.377069273497790292e-03
-3.708753947703313791e-03
-3.988287497585285557e-03
-4.135568404273204379e-03
-4.124887494472706528e-03
-3.993043450761346591e-03
-3.826692992303204477e-03
-3.723351448962075594e-03
-3.748575429024292305e-03
-3.912165374022502640e-03
-4.159474258109141509e-03
-4.400647242149391403e-03
-4.548230988814072617e-03
-4.557433004817035282e-03
-4.443920385735933287e-03
-4.280024891393230391e-03
-4.159050386693508017e-03
-4.156987876474338428e-03
-4.297353004844239877e-03
-4.539553874152058022e-03
-4.798853090308474734e-03
-4.979968353996278019e-03
-5.021598246418346179e-03
-4.921853867817294059e-03
-4.740757574947962460e-03
-4.572590760637318397e-03
-4.507066322712915962e-03
-4.588518498802152124e-03
-4.799487563118320921e-03
-5.064706990946965526e-03
-5.287156746279442210e-03
-5.388744535040457251e-03
-5.343104621168492940e-03
-5.187065204894425463e-03
-5.003286826011810184e-03
-4.881001846606669581e-03
-4.878578825664225960e-03
-4.993937581334817466e-03
-5.167341518019452629e-03
-5.305801315772407101e-03
-5.325481091682182644e-03
-5.188847048801514816e-03
-4.921563533445860728e-03
-4.605174196119499186e-03
-4.339635094757987588e-03
-4.204419036862971915e-03
-4.222402045049977737e-03
-4.351246810165076973e-03
-4.501813843405977345e-03
-4.575533284672750334e-03
-4.507117880196864768e-03
-4.289816826394621252e-03
-3.976974959475576554e-03
-3.656689682872582559e-03
-3.412229763877117072e-03
-3.287523592380159343e-03
-3.270491431061839371e-03
-3.302909258754871402e-03
-3.311878942419799188e-03
-3.246738528652093336e-03
-3.104768980482841556e-03
-2.926236555107597503e-03
-2.767509920886479513e-03
-2.662230274894872295e-03
-2.598364128639285564e-03
-2.536345339393009102e-03
-2.455120028446056146e-03
-2.378673618325055639e-03
-2.338926309004452087e-03
-2.333036199208271544e-03
-2.324836401409791087e-03
-2.284517740150759924e-03
-2.216960683237900742e-03
-2.151334339803245843e-03
-2.116683491639570480e-03
-2.120210611261552636e-03
-2.147365905185272261e-03
-2.173770312359102341e-03
-2.183777545940679410e-03
-2.178144520981972754e-03
-2.169446872589519959e-03
-2.168988625498635692e-03
-2.178587805289788903e-03
-2.189162470782324288e-03
-2.193319276649952076e-03
-2.192608895731251728e-03
-2.194483265735902577e-03
-2.205630935276869931e-03
-2.221497931680777027e-03
-2.230942597626989210e-03
-2.226306413763451397e-03
-2.210502703419325865e-03
-2.194424814561612980e-03
-2.186914962389707728e-03
-2.188788002190189541e-03
-2.190809186742345704e-03
-2.183269906334911470e-03
-2.162554350284964788e-03
-2.134835172623333888e-03
-2.111639087776014112e-03
-2.100367682420244131e-03
-2.102073973042885291e-03
-2.112512057270032884e-03
-2.130687236785888672e-03
-2.161558205638902663e-03
-2.210322076456626428e-03
-2.279769045866499033e-03
-2.363894874473741747e-03
-2.455676149398150487e-03
-2.551875028224556696e-03
-2.655762982077564116e-03
-2.773333851053674803e-03
-2.908332998099727451e-03
-3.059545475384950475e-03
-3.220090919157259091e-03
-3.384108464488388979e-03
-3.545330549127173603e-03
-3.701090464354211962e-03
-3.848102650442025707e-03
-3.986099563990708194e-03
-4.116992964885435313e-03
-4.240878042745310772e-03
-4.357708021323680736e-03
-4.462894700085595634e-03
-4.552028287392095862e-03
-4.622722228078024465e-03
-4.678471161010333557e-03
-4.727649622694785059e-03
-4.775541568744379184e-03
-4.824768658588163284e-03
-4.873405598263214067e-03
-4.918621099553877052e-03
-4.959520331450029129e-03
-5.000030940348121344e-03
-5.044553980458388320e-03
-5.096861864188839686e-03
-5.157573075824095632e-03
-5.223044618967997987e-03
-5.288441664323184632e-03
-5.352525646201311549e-03
-5.419368802120350104e-03
-5.495380544090877617e-03
-5.582015738914425373e-03
-5.673956134101709736e-03
-5.763941304394282206e-03
-5.847984388343330231e-03
-5.930341493149970944e-03
-6.018207455234625414e-03
-6.115966535638062140e-03
-6.217085000125743832e-03
-6.309703519041920394e-03
-6.383031999203092610e-03
-6.433265460121906365e-03
-6.463225325672339316e-03
-6.475235943692148055e-03
-6.469536811300691248e-03
-6.443387853293125467e-03
-6.394940004816995760e-03
-6.328409716927274609e-03
-6.251287007126182793e-03
-6.169667771539377732e-03
-6.088349441530582773e-03
-6.009042540434883506e-03
-5.932927000169563314e-03
-5.860380264619324819e-03
-5.788599984126951981e-03
-5.714073981102241184e-03
-5.633617953789360477e-03
-5.547427845383867684e-03
-5.457379252161276284e-03
-5.363644913959797478e-03
-5.264006717388691747e-03
-5.156801713111724972e-03
-5.046217838012956314e-03
-4.940246323350550028e-03
-4.852644739556488673e-03
-4.789842918027198415e-03
-4.752356817493974539e-03
-4.736003903403895876e-03
-4.737701059914001256e-03
-4.762528823466283256e-03
-4.818478651594348960e-03
-4.913525948611607852e-03
-5.045830877971280159e-03
-5.206856820262339980e-03
-5.386709883918761044e-03
-5.578911611534564940e-03
-5.786295182091838463e-03
-6.012045169441426751e-03
-6.253142147481960400e-03
-6.498796540949536293e-03
-6.735330695612384844e-03
-6.953918206793585632e-03
-7.159886483708355343e-03
-7.364532129929823867e-03
-7.577979009071200700e-03
-7.796621437386463960e-03
-8.005962162750956956e-03
-8.191665430961059258e-03
-8.348138838818575103e-03
-8.488341874029803336e-03
-8.629014940809920375e-03
-8.778326006503633927e-03
-8.922974800988026089e-03
-9.038307618076335537e-03
-9.106363888295221365e-03
-9.133707246277600333e-03
-9.139322984328845934e-03
-9.132558990392114495e-03
-9.095620866933717963e-03
-9.003062199765543561e-03
-8.854140999561166403e-03
-8.682867622713308364e-03
-8.537810480428009718e-03
-8.446591507374812124e-03
-8.392454956909878305e-03
-8.325391229573320118e-03
-8.191231827828771017e-03
-7.968308891656894488e-03
-7.683397885209553024e-03
-7.404770578508967915e-03
-7.213769162467187357e-03
-7.163184788211651721e-03
-7.250506257664879328e-03
-7.415307157414785522e-03
-7.560075152760248329e-03
-7.591006701267666301e-03
-7.455851820925563089e-03
-7.168378105049555415e-03
-6.801283088355480899e-03
-6.455580020140905262e-03
-6.220403221137482674e-03
-6.134668612670202137e-03
-6.172692504554211368e-03
-6.258095970039789790e-03
-6.299283293703883402e-03
-6.230709498203701457e-03
-6.042540896779025061e-03
-5.785716169255605834e-03
-5.548316812169273859e-03
-5.417364742740460315e-03
-5.438385213187402201e-03
-5.594219888811702290e-03
-5.812765713578693649e-03
-5.993964638116855426e-03
-6.054882149789220236e-03
-5.964212831440995899e-03
-5.755068634888393930e-03
-5.510943542897273062e-03
-5.327683126759907850e-03
-5.273183918337198683e-03
-5.357792141681638753e-03
-5.530614804440947552e-03
-5.700659509817129766e-03
-5.780930210027235283e-03
-5.724572885146717027e-03
-5.544792375061780021e-03
-5.311336155446211293e-03
-5.116321991855632412e-03
-5.035559868737271572e-03
-5.092195959659373550e-03
-5.245199652266330226e-03
-5.409046715643683889e-03
-5.486043005993868071e-03
-5.413612147269653008e-03
-5.187437325257171494e-03
-4.868841286019387482e-03
-4.558169286170810075e-03
-4.352649824784560195e-03
-4.309234742680634334e-03
-4.421078431708247436e-03
-4.624074573023384538e-03
-4.827184278223706215e-03
-4.951555519521866344e-03
-4.962466979591684257e-03
-4.880602604729888938e-03
-4.765427419640033690e-03
-4.684447959175219722e-03
-4.676673504985351393e-03
-4.737674864482510628e-03
-4.829721818057408633e-03
-4.905859060835182639e-03
-4.940150664897058341e-03
-4.934992434120544225e-03
-4.906175164237747133e-03
-4.856486131916692983e-03
-4.775180175412563344e-03
-4.653207598138031642e-03
-4.500602463487268778e-03
-4.344909587585821242e-03
-4.211591256263802485e-03
-4.106782539074593785e-03
-4.018427686024450551e-03
-3.929950625147116128e-03
-3.833555889512729742e-03
-3.734375552666424625e-03
-3.647402132805011021e-03
-3.583883778530139175e-03
-3.548614117005577384e-03
-3.536939489488410970e-03
-3.537476340178535850e-03
-3.536555389406892402e-03
-3.521910241327086410e-03
-3.484439396652883048e-03
-3.419405028664446178e-03
-3.332036123744330780e-03
-3.233618127493675942e-03
-3.141153842397992335e-03
-3.070797448056272749e-03
-3.030057391254281640e-03
-3.016190779793648247e-03
-3.018290196987627461e-03
-3.025666405852556196e-03
-3.033124085514038448e-03
-3.042810655664029973e-03
-3.065154934482783311e-03
-3.111637841722081355e-03
-3.189140394202705231e-03
-3.296666638561540630e-03
-3.421854235908461384e-03
-3.546576724479277853e-03
-3.650497579003098014e-03
-3.718371449520307959e-03
-3.746538097373630638e-03
-3.744502550706407806e-03
-3.732094034556765472e-03
-3.731889577441582784e-03
-3.756174589256533469e-03
-3.799651369679746260e-03
-3.844177668863413277e-03
-3.869589797087347183e-03
-3.867075956426102579e-03
-3.840278290371590408e-03
-3.802787419269426650e-03
-3.769415164936285034e-03
-3.751623564497874597e-03
-3.756804538849023434e-03
-3.784978945759964741e-03
-3.832659829597517831e-03
-3.886398575818239554e-03
-3.928375765006264508e-03
-3.947623190450555430e-03
-3.947715773722992871e-03
-3.947594963465916873e-03
-3.969278893270533626e-03
-4.019796499968836256e-03
-4.091487909204216677e-03
-4.172737519512220716e-03
-4.254767947813431483e-03
-4.331031757733194709e-03
-4.386170560660929141e-03
-4.406620327188540132e-03
-4.394788098044513647e-03
-4.371962461085551754e-03
-4.359061073333725389e-03
-4.358087474724117727e-03
-4.357706172026867830e-03
-4.342797452585901719e-03
-4.311080510174588459e-03
-4.264235496521166097e-03
