5.986267924308774635e-01
5.762519359064867119e-01
5.540102275949505550e-01
5.326437616587527124e-01
5.127753292629777526e-01
4.948641771403737843e-01
4.791773018704398868e-01
4.657682978262039919e-01
4.544826769233430985e-01
4.449776721468887142e-01
4.367568659490523308e-01
4.292185768187383177e-01
4.217116838334797890e-01
4.135983448204688107e-01
4.043085490655549674e-01
3.933962110369023657e-01
3.805769353505407682e-01
3.657542410738747196e-01
3.490330939030124036e-01
3.307063036507948972e-01
3.112320743507067111e-01
2.911926828117915589e-01
2.712451109417710060e-01
2.520636833057048332e-01
2.342780273050426298e-01
2.184201635744072167e-01
2.048725093169510569e-01
1.938407579687004834e-01
1.853219759186572335e-01
1.791168684490016816e-01
1.748339493241025111e-01
1.719270458014236502e-01
1.697363021618429058e-01
1.675496153765916318e-01
1.646539766119249626e-01
1.604051446561586824e-01
1.542732074226584871e-01
1.458937655005105860e-01
1.350960141701866291e-01
1.219194313604676227e-01
1.066056967736652705e-01
8.958647299689592725e-02
7.143905105971182223e-02
5.284195145336351151e-02
3.451766779723486334e-02
1.717156146136367134e-02
1.433114981055250148e-03
-1.219594644223404023e-02
-2.338241195651546978e-02
-3.199037926328279768e-02
-3.808605668036679770e-02
-4.193306854963907426e-02
-4.396761324576603513e-02
-4.475838060256054352e-02
-4.495823940664056551e-02
-4.524583911866197905e-02
-4.626825146866930805e-02
-4.858817778646540297e-02
-5.263453821211006023e-02
-5.867313449769051559e-02
-6.678528079341305990e-02
-7.686920123006590888e-02
-8.865305605111295506e-02
-1.017287522822416523e-01
-1.155910370927188957e-01
-1.296920722902561440e-01
-1.434935403890763572e-01
-1.565171413549857338e-01
-1.683871865738841844e-01
-1.788646258303897563e-01
-1.878567181131509667e-01
-1.954186136768698567e-01
-2.017337708163493559e-01
-2.070832883593617391e-01
-2.118037535059685839e-01
-2.162433147073196116e-01
-2.207250419005402087e-01
-2.255063766644836987e-01
-2.307650798520410884e-01
-2.365848937914609706e-01
-2.429609381215748209e-01
-2.498099750059912250e-01
-2.569894372638370506e-01
-2.643235987769183559e-01
-2.716222955926477223e-01
-2.787083315878248202e-01
-2.854391077038211932e-01
-2.917168206467742886e-01
-2.975026893145984452e-01
-3.028126098374768205e-01
-3.077119934084127095e-01
-3.122934530469747560e-01
-3.166580877985600839e-01
-3.208928971451834311e-01
-3.250552852717816243e-01
-3.291683144038364262e-01
-3.332217648672530785e-01
-3.371900228736388616e-01
-3.410443338258959400e-01
-3.447636286109050374e-01
-3.483436003846449580e-01
-3.517918216183137936e-01
-3.551239754824631056e-01
-3.583588817657468173e-01
-3.615121617716796631e-01
-3.646004554201554004e-01
-3.676430011762241712e-01
-3.706596310942336103e-01
-3.736710199092860840e-01
-3.766869941087009899e-01
-3.797039323009827605e-01
-3.826923826851305055e-01
-3.856007145687552207e-01
-3.883643958502829285e-01
-3.909160492712167034e-01
-3.932048222234021395e-01
-3.952084288521189315e-01
-3.969431882442446824e-01
-3.984655388262972053e-01
-3.998671067586085925e-01
-4.012597909396520279e-01
-4.027710794833734287e-01
-4.045223066737171358e-01
-4.066200124434786733e-01
-4.091441857298989682e-01
-4.121341831016700485e-01
-4.155821053102215501e-01
-4.194252040480717092e-01
-4.235403537750246361e-01
-4.277479256903876648e-01
-4.318255913885564734e-01
-4.355311864240238862e-01
-4.386309029889069455e-01
-4.409364386818823700e-01
-4.423365039374084207e-01
-4.428259613946008422e-01
-4.425194011169554242e-01
-4.416532122698824114e-01
-4.405676443261365982e-01
-4.396798188695556497e-01
-4.394394686530116445e-01
-4.402820745846602879e-01
-4.425803036004370972e-01
-4.465959320826951018e-01
-4.524438693543982870e-01
-4.600698676053508462e-01
-4.692400894823118840e-01
-4.795506876160430254e-01
-4.904544867784083051e-01
-5.012961067782208957e-01
-5.113658604274763375e-01
-5.199555666007635857e-01
-5.264169545141468287e-01
-5.302165108229849322e-01
-5.309818737959410839e-01
-5.285375072654190376e-01
-5.229232230151823480e-01
-5.143921373893843851e-01
-5.033997369311398185e-01
-4.905662545191630253e-01
-4.766326859640550584e-01
-4.624040634690996798e-01
-4.486894718148091155e-01
-4.362365774238933236e-01
-4.256813286553594589e-01
-4.174963255870898227e-01
-4.119610396375683603e-01
-4.091456028175080029e-01
-4.089115874086133307e-01
-4.109300068773292791e-01
-4.147176538684288483e-01
-4.196827214583085386e-01
-4.251798246930628133e-01
-4.305680963113791559e-01
-4.352693078623590672e-01
-4.388142947620186085e-01
-4.408834752738225449e-01
-4.413258103308715929e-01
-4.401685233674964559e-01
-4.375996507194869212e-01
-4.339396833461780512e-01
-4.295971335059434182e-01
-4.250131892907453857e-01
-4.206020650395094762e-01
-4.166961467188883272e-01
-4.134982660393630161e-01
-4.110562511243989192e-01
-4.092610674453845965e-01
-4.078737883669850683e-01
-4.065848096277340229e-01
-4.050857652541630660e-01
-4.031473864560713993e-01
-4.006739137750003898e-01
-3.977168427909566484e-01
-3.944409018723666893e-01
-3.910573665831110768e-01
-3.877479215921701972e-01
-3.846134534036309560e-01
-3.816601181159012812e-01
-3.788209510373757860e-01
-3.759995243812856991e-01
-3.731149184451368894e-01
-3.701263270441053077e-01
-3.670436094266177340e-01
-3.639156252463261465e-01
-3.608030365486217805e-01
-3.577547786541082075e-01
-3.547884775401567437e-01
-3.518818985774613273e-01
-3.489829737130317744e-01
-3.460294260338874217e-01
-3.429694569324440723e-01
-3.397773681524752787e-01
-3.364550994205530721e-01
-3.330207178811189772e-01
-3.294860730418361916e-01
-3.258429497928883034e-01
-3.220593794772511620e-01
-3.180985583750719492e-01
-3.139369467925197110e-01
-3.095928201188266060e-01
-3.051335455370866034e-01
-3.006703386608438056e-01
-2.963321191740204696e-01
-2.922255036586223209e-01
-2.884051292398351896e-01
-2.848533631201228822e-01
-2.814834402354409182e-01
-2.781756605145266903e-01
-2.748238854876646764e-01
-2.713870831380037485e-01
-2.679156466135788062e-01
-2.645441654070496140e-01
-2.614310313727571389e-01
-2.586670357579043955e-01
-2.561816330443669187e-01
-2.537331171988264078e-01
-2.510612014865014618e-01
-2.481243874788141568e-01
-2.450694034423974710e-01
-2.417285147336585283e-01
-2.373428185265841206e-01
-2.313675455641940881e-01
-2.242587208839166291e-01
-2.168128062461510130e-01
-2.094196404448973037e-01
-2.024501921215123290e-01
-1.964625097067972392e-01
-1.916784983264469555e-01
-1.877892169796396282e-01
-1.843483417548449910e-01
-1.811131664576490219e-01
-1.779973218976624305e-01
-1.749005306426735795e-01
-1.716777843774041079e-01
-1.682110251294198222e-01
-1.644548773765563965e-01
-1.604353963030752950e-01
-1.562201219260016538e-01
-1.518945705230979049e-01
-1.475338031710021203e-01
-1.431833079991380875e-01
-1.388458044014660442e-01
-1.344905939258169147e-01
-1.300755996120906421e-01
-1.255710148064473897e-01
-1.209725974521571046e-01
-1.163074646957887315e-01
-1.116210650230750612e-01
-1.069682240394842498e-01
-1.023928351807399939e-01
-9.791614219729283253e-02
-9.352579682792594440e-02
-8.917717238996947238e-02
-8.479759433270928071e-02
-8.030235728272461238e-02
-7.561723508846607267e-02
-7.070072932135573751e-02
-6.556482726394619043e-02
-6.027883991935711894e-02
-5.495902272619013207e-02
-4.973830741550444579e-02
-4.472567359112222807e-02
-3.997089333618786267e-02
-3.544186697036710854e-02
-3.103056685608129861e-02
-2.658632985396769399e-02
-2.196275301190431239e-02
-1.706967380109447596e-02
-1.190978460787039950e-02
-6.593035667769475694e-03
-1.316106181053044999e-03
3.669954251211859919e-03
8.116720123208187587e-03
1.182652849836296483e-02
1.470337953065692371e-02
1.677760784342541278e-02
1.821601488677637715e-02
1.931074359217854752e-02
2.044986947060190019e-02
2.207275017533294470e-02
2.462069155921409180e-02
2.848156827250436507e-02
3.394202770625687204e-02
4.114792459751137610e-02
5.007731449618091357e-02
6.053061464501396927e-02
7.213821873856318678e-02
8.438223901585739650e-02
9.663909177601348599e-02
1.082234582963941261e-01
1.184512126193312254e-01
1.266922495628652889e-01
1.324292374181436083e-01
1.353029155859940547e-01
1.351460805093438466e-01
1.320023318590464179e-01
1.261288468573115162e-01
1.179784661500156151e-01
1.081677900756551347e-01
9.743099194577675703e-02
8.656405105644371378e-02
7.636227501597336875e-02
6.756235202809413032e-02
6.078193474836324217e-02
5.647834115754279960e-02
5.491235931302818063e-02
5.613569766091452973e-02
5.999060033979886075e-02
6.613073916518086293e-02
7.405615327237358159e-02
8.316105018914043967e-02
9.278922071876716249e-02
1.022955096748702220e-01
1.111030216775859003e-01
1.187543538985290636e-01
1.249530491530644882e-01
1.295884971088203663e-01
1.327446816073236668e-01
1.346929642274864447e-01
1.358634685109644247e-01
1.368089121206925718e-01
1.381495391108910065e-01
1.405161312974954058e-01
1.444913164888135260e-01
1.505536528777804417e-01
1.590270009984997568e-01
1.700488348949511508e-01
1.835484861146180480e-01
1.992475561226237923e-01
2.166727295853468904e-01
2.351912171899553927e-01
2.540543392347758278e-01
2.724553951250895389e-01
2.895898294947695240e-01
3.047162889053449675e-01
3.172132887805635404e-01
3.266261770423353195e-01
3.326979630445981995e-01
3.353866892363759344e-01
3.348652691808948756e-01
3.314998061217906411e-01
3.258205351482404977e-01
3.184692897425452918e-01
3.101488866120875043e-01
3.015634101082603769e-01
2.933613262834596780e-01
2.860870089475137101e-01
2.801413252374245211e-01
2.757582317157208918e-01
2.729979366570778332e-01
2.717547098538253270e-01
2.717854311774261511e-01
2.727460439214355326e-01
2.742393333596443439e-01
2.758669459429781146e-01
2.772760138946648301e-01
2.782017472222377830e-01
2.784947795416562455e-01
2.781270667336406266e-01
2.771888615918116638e-01
2.758572572095470132e-01
2.743625176580877234e-01
2.729415501868487359e-01
2.717931270599367455e-01
2.710523154830071224e-01
2.707714287355145188e-01
2.709205276298678466e-01
2.714030968627121343e-01
2.720835076979948308e-01
2.728079626490593768e-01
2.734297155765128551e-01
2.738214841311805703e-01
2.738879216542384754e-01
2.735673435595737946e-01
2.728343968929263230e-01
2.716994986458196593e-01
2.702034851720105380e-01
2.684168217474129925e-01
2.664240214758930581e-01
2.643147991939991392e-01
2.621653536476549196e-01
2.600313954510067305e-01
2.579421439500102498e-01
2.559027322505946778e-01
2.539058144896193525e-01
2.519446636212925306e-01
2.500174399782610912e-01
2.481336369914062256e-01
2.463021495880122202e-01
2.445227887301435477e-01
2.427703963711216328e-01
2.409920588654794749e-01
2.391136804907880720e-01
2.370494874819009112e-01
2.347258238074767522e-01
2.320955708670100481e-01
2.291424221461459965e-01
2.258831699458547781e-01
2.223521142167166342e-01
2.185831747736577402e-01
2.145928571912618654e-01
2.103768932344625142e-01
2.059126235703869767e-01
2.011722850329822343e-01
1.961364812150112602e-01
1.908157804485721698e-01
1.852549243002273860e-01
1.795366956933557301e-01
1.737748450385157017e-01
1.681060373004581443e-01
1.626679843443701312e-01
1.575809799688038249e-01
1.529314437792539394e-01
1.487488502225239317e-01
1.449967140363098705e-01
1.415592255934713384e-01
1.382458090424941721e-01
1.347962213862183845e-01
1.309030687090931844e-01
1.262431769061326259e-01
1.205133373783469075e-01
1.134700618288186913e-01
1.049658931681888285e-01
9.498120551004141099e-02
8.363669444412735743e-02
7.119608650876629863e-02
5.805104436285757341e-02
4.469149094632607344e-02
3.166170420942648889e-02
1.951089325127774998e-02
8.740376996057341863e-03
-2.446722095166276034e-04
-7.182726212453527381e-03
-1.197791000337455891e-02
-1.472292221963811265e-02
-1.569149203108710644e-02
-1.532452011137952486e-02
-1.419150271982516642e-02
-1.294845228318164398e-02
-1.228397223778410208e-02
-1.285528250932088667e-02
-1.523905995400132163e-02
-1.987561566698453630e-02
-2.703393840816958882e-02
-3.678440882052230743e-02
-4.899407503545283316e-02
-6.333109710780282509e-02
-7.929625323119482427e-02
-9.626152118412251157e-02
-1.135235065498241269e-01
-1.303594474880148124e-01
-1.460918665887287471e-01
-1.601423999388054131e-01
-1.720820671601463459e-01
-1.816661785158761866e-01
-1.888559415306306777e-01
-1.938230847959291903e-01
-1.969311434553401574e-01
-1.987072281771897764e-01
-1.997990968472078965e-01
-2.009157945902572684e-01
-2.027707655396164821e-01
-2.060219580657771943e-01
-2.112155449112710637e-01
-2.187422076490288525e-01
-2.288013602061569896e-01
-2.413942970659237464e-01
-2.563156526178478334e-01
-2.731809234962113697e-01
-2.914580294617447609e-01
-3.105170152874533462e-01
-3.296834073966661838e-01
-3.482987933701857663e-01
-3.657813732361270276e-01
-3.816714826472084043e-01
-3.956761627789770475e-01
-4.076901201097783423e-01
-4.178102230023990615e-01
-4.263198833641699825e-01
-4.336643820642230862e-01
-4.404134615958074095e-01
-4.472060966199815080e-01
-4.546919179430923275e-01
-4.634720706344331864e-01
-4.740439855207535524e-01
-4.867496547566401155e-01
-5.017433280078354985e-01
-5.189704572269975280e-01
-5.381660723925472123e-01
-5.588690790277508480e-01
-5.804571032000348518e-01
-6.021874547004697487e-01
